1 0.4745065789473684 0.5320723684210527 0.03453947368421053 0.12335526315789473
1 0.4317434210526316 0.5592105263157895 0.04276315789473684 0.13240131578947367
4 0.5164473684210527 0.4152960526315789 0.07648026315789473 0.10115131578947369
4 0.8445723684210527 0.6324013157894737 0.1768092105263158 0.19983552631578946
4 0.5353618421052632 0.3355263157894737 0.05838815789473684 0.08470394736842106
4 0.625 0.41694078947368424 0.09292763157894737 0.10444078947368421
4 0.45805921052631576 0.3215460526315789 0.05180921052631579 0.07976973684210527
4 0.9449013157894737 0.6233552631578947 0.10526315789473684 0.19407894736842105
4 0.39226973684210525 0.30756578947368424 0.03536184210526316 0.06085526315789474
4 0.4967105263157895 0.2902960526315789 0.04029605263157895 0.06332236842105263
3 0.3355263157894737 0.5082236842105263 0.023026315789473683 0.09539473684210527
3 0.3067434210526316 0.4745065789473684 0.019736842105263157 0.09703947368421052
2 0.6891447368421053 0.6685855263157895 0.07072368421052631 0.15953947368421054
2 0.6858552631578947 0.5583881578947368 0.054276315789473686 0.14309210526315788
2 0.5740131578947368 0.5748355263157895 0.05838815789473684 0.13980263157894737
2 0.5814144736842105 0.4819078947368421 0.039473684210526314 0.12417763157894737
2 0.7220394736842105 0.43338815789473684 0.04194078947368421 0.10115131578947369
2 0.8207236842105263 0.47368421052631576 0.054276315789473686 0.109375