1 0.6019736842105263 0.6899671052631579 0.054276315789473686 0.16282894736842105
4 0.4506578947368421 0.5353618421052632 0.08717105263157894 0.13980263157894737
4 0.625 0.34539473684210525 0.07894736842105263 0.09457236842105263
4 0.44901315789473684 0.25082236842105265 0.03289473684210526 0.05263157894736842
4 0.5542763157894737 0.3560855263157895 0.060032894736842105 0.08388157894736842
2 0.96875 0.6916118421052632 0.061677631578947366 0.14638157894736842
2 0.7804276315789473 0.48519736842105265 0.04851973684210526 0.11430921052631579
4 0.4761513157894737 0.3527960526315789 0.054276315789473686 0.07483552631578948
4 0.48355263157894735 0.29605263157894735 0.044407894736842105 0.06743421052631579
2 0.6439144736842105 0.42269736842105265 0.03700657894736842 0.0912828947368421
3 0.3100328947368421 0.5411184210526315 0.02549342105263158 0.09457236842105263