1 0.5213815789473685 0.7944078947368421 0.054276315789473686 0.1875
4 0.6217105263157895 0.40789473684210525 0.08799342105263158 0.10361842105263158
4 0.7360197368421053 0.5205592105263158 0.14391447368421054 0.18092105263157895
4 0.8125 0.834703947368421 0.24177631578947367 0.3092105263157895
4 0.5608552631578947 0.4555921052631579 0.09703947368421052 0.12171052631578948
2 0.8963815789473685 0.5896381578947368 0.0625 0.13486842105263158
4 0.5197368421052632 0.3256578947368421 0.05345394736842105 0.0756578947368421
4 0.756578947368421 0.4161184210526316 0.10855263157894737 0.12006578947368421
4 0.571546052631579 0.31414473684210525 0.05098684210526316 0.0625
4 0.4555921052631579 0.3248355263157895 0.05016447368421053 0.07319078947368421
3 0.34375 0.6282894736842105 0.04194078947368421 0.11348684210526316
2 0.46957236842105265 0.45805921052631576 0.04276315789473684 0.10361842105263158
2 0.484375 0.3972039473684211 0.03125 0.09539473684210527