1 0.4309210526315789 0.39555921052631576 0.02138157894736842 0.07483552631578948
1 0.4120065789473684 0.4605263157894737 0.03042763157894737 0.10608552631578948
4 0.9004934210526315 0.5287828947368421 0.17351973684210525 0.18421052631578946
4 0.6792763157894737 0.4350328947368421 0.15378289473684212 0.19325657894736842
4 0.5550986842105263 0.3363486842105263 0.07236842105263158 0.10279605263157894
4 0.8889802631578947 0.8585526315789473 0.21957236842105263 0.28207236842105265
2 0.8560855263157895 0.6570723684210527 0.06825657894736842 0.1513157894736842
4 0.509046052631579 0.421875 0.06907894736842106 0.10773026315789473
4 0.4967105263157895 0.2993421052631579 0.04523026315789474 0.07154605263157894
3 0.36101973684210525 0.5945723684210527 0.023848684210526317 0.10279605263157894
2 0.6085526315789473 0.46381578947368424 0.03700657894736842 0.10115131578947369
2 0.6504934210526315 0.5189144736842105 0.049342105263157895 0.13157894736842105