1 0.5254934210526315 0.7039473684210527 0.06332236842105263 0.17763157894736842
4 0.7384868421052632 0.6800986842105263 0.21217105263157895 0.27960526315789475
4 0.7417763157894737 0.5213815789473685 0.14391447368421054 0.14309210526315788
4 0.9276315789473685 0.5879934210526315 0.14309210526315788 0.22779605263157895
4 0.9457236842105263 0.4407894736842105 0.10773026315789473 0.19161184210526316
4 0.6587171052631579 0.36348684210526316 0.07236842105263158 0.0805921052631579
2 0.5912828947368421 0.3684210526315789 0.033717105263157895 0.08552631578947369
2 0.6134868421052632 0.3980263157894737 0.04276315789473684 0.08470394736842106
3 0.32319078947368424 0.515625 0.023026315789473683 0.09786184210526316
3 0.390625 0.9120065789473685 0.07236842105263158 0.17434210526315788
2 0.5271381578947368 0.3832236842105263 0.03536184210526316 0.08552631578947369
2 0.4909539473684211 0.39473684210526316 0.03125 0.08141447368421052