1 0.4588815789473684 0.5320723684210527 0.04111842105263158 0.1356907894736842
4 0.5024671052631579 0.37417763157894735 0.06085526315789474 0.08305921052631579
4 0.7039473684210527 0.4498355263157895 0.1299342105263158 0.1356907894736842
4 0.9021381578947368 0.865953947368421 0.19407894736842105 0.24917763157894737
4 0.5361842105263158 0.328125 0.060032894736842105 0.06578947368421052
4 0.4152960526315789 0.3363486842105263 0.04851973684210526 0.08305921052631579
4 0.45723684210526316 0.30756578947368424 0.039473684210526314 0.06743421052631579
2 0.6529605263157895 0.5567434210526315 0.05263157894736842 0.13240131578947367
3 0.36019736842105265 0.8166118421052632 0.047697368421052634 0.16036184210526316
3 0.40789473684210525 0.8379934210526315 0.04111842105263158 0.18585526315789475
2 0.4276315789473684 0.9276315789473685 0.05674342105263158 0.14309210526315788
2 0.5625 0.7993421052631579 0.061677631578947366 0.19325657894736842