1 0.43667763157894735 0.44161184210526316 0.03700657894736842 0.10279605263157894
4 0.6735197368421053 0.6324013157894737 0.17927631578947367 0.24835526315789475
4 0.625 0.40707236842105265 0.09292763157894737 0.10032894736842106
4 0.8708881578947368 0.5197368421052632 0.12746710526315788 0.1455592105263158
4 0.453125 0.3125 0.046052631578947366 0.06578947368421052
4 0.53125 0.33305921052631576 0.05592105263157895 0.06907894736842106
2 0.631578947368421 0.7853618421052632 0.07401315789473684 0.18832236842105263
2 0.8157894736842105 0.5476973684210527 0.054276315789473686 0.15542763157894737
2 0.8824013157894737 0.7064144736842105 0.0805921052631579 0.16365131578947367
4 0.4769736842105263 0.28207236842105265 0.04111842105263158 0.05263157894736842
2 0.7393092105263158 0.4819078947368421 0.04358552631578947 0.11842105263157894