1 0.4432565789473684 0.6200657894736842 0.03700657894736842 0.140625
1 0.4161184210526316 0.49506578947368424 0.02549342105263158 0.11266447368421052
4 0.8824013157894737 0.6620065789473685 0.21628289473684212 0.28207236842105265
4 0.5575657894736842 0.48355263157894735 0.10526315789473684 0.12582236842105263
4 0.5830592105263158 0.3848684210526316 0.08223684210526316 0.09539473684210527
4 0.7985197368421053 0.45476973684210525 0.13157894736842105 0.140625
4 0.484375 0.3503289473684211 0.05592105263157895 0.078125
4 0.6077302631578947 0.3248355263157895 0.06085526315789474 0.07976973684210527
4 0.5320723684210527 0.3371710526315789 0.046052631578947366 0.06661184210526316
4 0.48355263157894735 0.2886513157894737 0.039473684210526314 0.06907894736842106
4 0.484375 0.3034539473684211 0.046875 0.07483552631578948
3 0.3840460526315789 0.6998355263157895 0.05838815789473684 0.13980263157894737
2 0.6636513157894737 0.390625 0.04029605263157895 0.09210526315789473