1 0.3824013157894737 0.9325657894736842 0.07976973684210527 0.13404605263157895
4 0.36101973684210525 0.4161184210526316 0.0962171052631579 0.11019736842105263
4 0.3034539473684211 0.3881578947368421 0.08963815789473684 0.07976973684210527
4 0.42023026315789475 0.31085526315789475 0.060032894736842105 0.07483552631578948
2 0.22697368421052633 0.5666118421052632 0.060032894736842105 0.13651315789473684
2 0.11595394736842106 0.618421052631579 0.07072368421052631 0.1455592105263158
4 0.49506578947368424 0.3026315789473684 0.047697368421052634 0.06743421052631579
4 0.5583881578947368 0.2532894736842105 0.038651315789473686 0.06743421052631579
3 0.6208881578947368 0.8092105263157895 0.046052631578947366 0.14720394736842105
3 0.6743421052631579 0.5238486842105263 0.02549342105263158 0.09703947368421052
2 0.08717105263157894 0.5460526315789473 0.0649671052631579 0.13075657894736842