1 0.5139802631578947 0.615953947368421 0.04194078947368421 0.140625
4 0.37582236842105265 0.5805921052631579 0.14226973684210525 0.16940789473684212
4 0.4144736842105263 0.37664473684210525 0.08470394736842106 0.10361842105263158
4 0.2080592105263158 0.5641447368421053 0.15871710526315788 0.15871710526315788
4 0.33223684210526316 0.37006578947368424 0.08470394736842106 0.09210526315789473
4 0.5016447368421053 0.30756578947368424 0.05263157894736842 0.07401315789473684
4 0.5657894736842105 0.3149671052631579 0.04358552631578947 0.07401315789473684
2 0.48026315789473684 0.5386513157894737 0.038651315789473686 0.12171052631578948
2 0.21052631578947367 0.6751644736842105 0.06661184210526316 0.15707236842105263
3 0.609375 0.8824013157894737 0.06085526315789474 0.18009868421052633
3 0.5131578947368421 0.6151315789473685 0.03453947368421053 0.13980263157894737
2 0.5230263157894737 0.4901315789473684 0.04523026315789474 0.11430921052631579