1 0.40707236842105265 0.506578947368421 0.03618421052631579 0.1118421052631579
4 0.680921052631579 0.6546052631578947 0.16282894736842105 0.21463815789473684
4 0.7458881578947368 0.5082236842105263 0.13898026315789475 0.16036184210526316
4 0.9202302631578947 0.5641447368421053 0.15871710526315788 0.20888157894736842
4 0.49506578947368424 0.34786184210526316 0.05921052631578947 0.09210526315789473
4 0.5641447368421053 0.4440789473684211 0.09375 0.1118421052631579
4 0.6134868421052632 0.3988486842105263 0.08305921052631579 0.09703947368421052
4 0.7442434210526315 0.41776315789473684 0.11924342105263158 0.11019736842105263
4 0.5263157894736842 0.31085526315789475 0.05838815789473684 0.08388157894736842
4 0.44901315789473684 0.3190789473684211 0.04276315789473684 0.07976973684210527
4 0.9728618421052632 0.7861842105263158 0.05180921052631579 0.19325657894736842
4 0.4786184210526316 0.2746710526315789 0.03700657894736842 0.0625
4 0.5962171052631579 0.3199013157894737 0.0625 0.07730263157894737