1 0.44161184210526316 0.8717105263157895 0.055098684210526314 0.18421052631578946
1 0.5049342105263158 0.6751644736842105 0.05016447368421053 0.15707236842105263
4 0.39144736842105265 0.3717105263157895 0.08881578947368421 0.109375
4 0.5550986842105263 0.30098684210526316 0.03782894736842105 0.05921052631578947
2 0.15871710526315788 0.5476973684210527 0.05756578947368421 0.11842105263157894
2 0.37335526315789475 0.4786184210526316 0.04194078947368421 0.11924342105263158
4 0.4662828947368421 0.296875 0.04851973684210526 0.07236842105263158
4 0.5213815789473685 0.2837171052631579 0.03536184210526316 0.05180921052631579
2 0.032072368421052634 0.756578947368421 0.06085526315789474 0.1669407894736842
2 0.2598684210526316 0.5583881578947368 0.054276315789473686 0.1356907894736842
2 0.2746710526315789 0.42269736842105265 0.04851973684210526 0.10279605263157894
2 0.43585526315789475 0.5238486842105263 0.049342105263157895 0.11924342105263158
2 0.4506578947368421 0.3840460526315789 0.027960526315789474 0.08388157894736842
2 0.4194078947368421 0.4243421052631579 0.03453947368421053 0.10115131578947369
2 0.4876644736842105 0.4004934210526316 0.038651315789473686 0.08141447368421052