1 0.4745065789473684 0.6866776315789473 0.044407894736842105 0.15707236842105263
0 0.42269736842105265 0.5320723684210527 0.038651315789473686 0.11430921052631579
1 0.4128289473684211 0.41694078947368424 0.033717105263157895 0.08881578947368421
4 0.774671052631579 0.7541118421052632 0.20559210526315788 0.26644736842105265
4 0.5435855263157895 0.4342105263157895 0.09292763157894737 0.1299342105263158
4 0.5797697368421053 0.37335526315789475 0.07648026315789473 0.10032894736842106
2 0.805921052631579 0.5263157894736842 0.05345394736842105 0.11759868421052631
4 0.9268092105263158 0.7483552631578947 0.14309210526315788 0.296875
4 0.4876644736842105 0.34292763157894735 0.05674342105263158 0.09210526315789473
4 0.6685855263157895 0.3618421052631579 0.09539473684210527 0.10855263157894737
4 0.48355263157894735 0.28289473684210525 0.039473684210526314 0.06907894736842106
4 0.5254934210526315 0.2779605263157895 0.044407894736842105 0.055098684210526314
4 0.4457236842105263 0.3034539473684211 0.03618421052631579 0.05921052631578947