1 0.4152960526315789 0.4276315789473684 0.02631578947368421 0.09210526315789473
1 0.39473684210526316 0.41118421052631576 0.024671052631578948 0.08552631578947369
4 0.796875 0.5238486842105263 0.171875 0.21710526315789475
4 0.6348684210526315 0.5337171052631579 0.17105263157894737 0.23848684210526316
4 0.5205592105263158 0.3092105263157895 0.04851973684210526 0.07401315789473684
4 0.5822368421052632 0.3675986842105263 0.07648026315789473 0.08552631578947369
4 0.4769736842105263 0.3536184210526316 0.054276315789473686 0.06990131578947369
4 0.9547697368421053 0.7574013157894737 0.08799342105263158 0.21546052631578946
2 0.9251644736842105 0.569078947368421 0.055098684210526314 0.13980263157894737
4 0.4745065789473684 0.27960526315789475 0.04276315789473684 0.05838815789473684
3 0.3536184210526316 0.6011513157894737 0.027138157894736843 0.1069078947368421
3 0.31661184210526316 0.5953947368421053 0.023848684210526317 0.10855263157894737
2 0.6842105263157895 0.44901315789473684 0.04358552631578947 0.0962171052631579