1 0.5082236842105263 0.7598684210526315 0.060032894736842105 0.17434210526315788
4 0.37335526315789475 0.4128289473684211 0.10773026315789473 0.12335526315789473
4 0.49835526315789475 0.3824013157894737 0.06332236842105263 0.08963815789473684
4 0.3963815789473684 0.3190789473684211 0.06907894736842106 0.0805921052631579
4 0.4136513157894737 0.569078947368421 0.12335526315789473 0.18092105263157895
4 0.24342105263157895 0.42351973684210525 0.12335526315789473 0.13404605263157895
4 0.07236842105263158 0.7269736842105263 0.14309210526315788 0.27713815789473684
4 0.5205592105263158 0.27960526315789475 0.03700657894736842 0.05345394736842105
2 0.26726973684210525 0.6069078947368421 0.05592105263157895 0.13980263157894737
4 0.4605263157894737 0.33305921052631576 0.05674342105263158 0.06990131578947369
4 0.5608552631578947 0.3256578947368421 0.04029605263157895 0.06578947368421052
2 0.10773026315789473 0.7598684210526315 0.08634868421052631 0.20065789473684212
2 0.1225328947368421 0.553453947368421 0.0649671052631579 0.10279605263157894
2 0.42680921052631576 0.4506578947368421 0.04029605263157895 0.09292763157894737