0 0.5131578947368421 0.6817434210526315 0.054276315789473686 0.16940789473684212
4 0.26398026315789475 0.6891447368421053 0.20888157894736842 0.2911184210526316
4 0.4629934210526316 0.3980263157894737 0.07236842105263158 0.09457236842105263
4 0.3963815789473684 0.37088815789473684 0.08470394736842106 0.10279605263157894
4 0.2080592105263158 0.5444078947368421 0.19161184210526316 0.20641447368421054
4 0.10608552631578948 0.5304276315789473 0.11842105263157894 0.14720394736842105
2 0.375 0.7763157894736842 0.06990131578947369 0.21792763157894737
4 0.5164473684210527 0.29523026315789475 0.05674342105263158 0.07319078947368421
4 0.4292763157894737 0.3092105263157895 0.046052631578947366 0.06990131578947369
2 0.45723684210526316 0.48930921052631576 0.04029605263157895 0.10608552631578948
2 0.524671052631579 0.46710526315789475 0.04276315789473684 0.10361842105263158
2 0.31167763157894735 0.38651315789473684 0.039473684210526314 0.08305921052631579