1 0.40460526315789475 0.4621710526315789 0.033717105263157895 0.09786184210526316
4 0.4712171052631579 0.34457236842105265 0.05098684210526316 0.07976973684210527
4 0.5337171052631579 0.32319078947368424 0.05098684210526316 0.08141447368421052
4 0.9514802631578947 0.7491776315789473 0.09457236842105263 0.18667763157894737
4 0.6365131578947368 0.41694078947368424 0.09375 0.109375
4 0.7195723684210527 0.3963815789473684 0.10855263157894737 0.11595394736842106
4 0.4152960526315789 0.31743421052631576 0.03782894736842105 0.061677631578947366
4 0.3511513157894737 0.28042763157894735 0.03536184210526316 0.05756578947368421
2 0.7129934210526315 0.7417763157894737 0.06661184210526316 0.17598684210526316
2 0.5616776315789473 0.5172697368421053 0.054276315789473686 0.11924342105263158
2 0.5476973684210527 0.40707236842105265 0.03125 0.07319078947368421
2 0.9514802631578947 0.912828947368421 0.09539473684210527 0.171875