1 0.42351973684210525 0.42023026315789475 0.023848684210526317 0.0962171052631579
4 0.7730263157894737 0.6455592105263158 0.18174342105263158 0.21628289473684212
4 0.819078947368421 0.4629934210526316 0.12828947368421054 0.14309210526315788
4 0.5929276315789473 0.31743421052631576 0.06907894736842106 0.07730263157894737
4 0.5 0.30180921052631576 0.04851973684210526 0.06661184210526316
2 0.59375 0.48930921052631576 0.04194078947368421 0.12006578947368421
2 0.6110197368421053 0.41118421052631576 0.03536184210526316 0.11513157894736842
4 0.47944078947368424 0.35526315789473684 0.05263157894736842 0.07401315789473684
4 0.44161184210526316 0.24095394736842105 0.03536184210526316 0.05592105263157895
2 0.6726973684210527 0.4317434210526316 0.046875 0.09046052631578948
2 0.32894736842105265 0.4498355263157895 0.038651315789473686 0.09457236842105263
2 0.5493421052631579 0.3511513157894737 0.033717105263157895 0.06825657894736842