1 0.5616776315789473 0.5748355263157895 0.03782894736842105 0.10773026315789473
1 0.5789473684210527 0.49588815789473684 0.03125 0.09539473684210527
0 0.48848684210526316 0.7944078947368421 0.07730263157894737 0.16447368421052633
4 0.3157894736842105 0.5485197368421053 0.3527960526315789 0.4144736842105263
4 0.45476973684210525 0.6636513157894737 0.1513157894736842 0.22697368421052633
4 0.5888157894736842 0.27631578947368424 0.04276315789473684 0.05263157894736842
4 0.22697368421052633 0.4432565789473684 0.15049342105263158 0.140625
4 0.5608552631578947 0.34539473684210525 0.04851973684210526 0.08141447368421052
4 0.5115131578947368 0.28618421052631576 0.04276315789473684 0.06743421052631579
3 0.6143092105263158 0.8741776315789473 0.05756578947368421 0.17105263157894737
3 0.6611842105263158 0.48355263157894735 0.02055921052631579 0.10608552631578948