1 0.49588815789473684 0.6291118421052632 0.04194078947368421 0.13486842105263158
4 0.1924342105263158 0.8083881578947368 0.21710526315789475 0.3404605263157895
4 0.5180921052631579 0.28042763157894735 0.03700657894736842 0.05674342105263158
4 0.4564144736842105 0.4243421052631579 0.10032894736842106 0.13815789473684212
4 0.05674342105263158 0.7828947368421053 0.11101973684210527 0.2738486842105263
2 0.38980263157894735 0.7039473684210527 0.06661184210526316 0.18338815789473684
4 0.43338815789473684 0.3618421052631579 0.06743421052631579 0.0912828947368421
4 0.4605263157894737 0.30756578947368424 0.044407894736842105 0.07976973684210527
2 0.22532894736842105 0.46710526315789475 0.044407894736842105 0.10032894736842106
3 0.6570723684210527 0.6463815789473685 0.03700657894736842 0.125
3 0.662828947368421 0.3404605263157895 0.015625 0.06825657894736842