1 0.42105263157894735 0.44901315789473684 0.03125 0.10197368421052631
4 0.6118421052631579 0.49835526315789475 0.13322368421052633 0.15789473684210525
4 0.7269736842105263 0.484375 0.14473684210526316 0.17269736842105263
4 0.5 0.3782894736842105 0.07072368421052631 0.09868421052631579
4 0.8363486842105263 0.48026315789473684 0.14144736842105263 0.1455592105263158
4 0.9432565789473685 0.7442434210526315 0.1118421052631579 0.2787828947368421
4 0.5279605263157895 0.3199013157894737 0.05674342105263158 0.09210526315789473
4 0.48026315789473684 0.30180921052631576 0.044407894736842105 0.08470394736842106
2 0.5394736842105263 0.5460526315789473 0.05016447368421053 0.11266447368421052
3 0.3651315789473684 0.8824013157894737 0.05838815789473684 0.15707236842105263
3 0.41118421052631576 0.9210526315789473 0.07894736842105263 0.15707236842105263
3 0.3996710526315789 0.7220394736842105 0.05674342105263158 0.13240131578947367