1 0.5740131578947368 0.8988486842105263 0.0756578947368421 0.20065789473684212
1 0.48930921052631576 0.7023026315789473 0.055098684210526314 0.16858552631578946
4 0.59375 0.6266447368421053 0.14802631578947367 0.20394736842105263
4 0.8141447368421053 0.4712171052631579 0.13157894736842105 0.12335526315789473
4 0.7935855263157895 0.5575657894736842 0.16365131578947367 0.15953947368421054
4 0.6151315789473685 0.3782894736842105 0.0962171052631579 0.125
4 0.484375 0.3618421052631579 0.05838815789473684 0.08305921052631579
4 0.522203947368421 0.3199013157894737 0.04851973684210526 0.07154605263157894
4 0.3338815789473684 0.30838815789473684 0.04523026315789474 0.07483552631578948
4 0.48519736842105265 0.2935855263157895 0.04194078947368421 0.06825657894736842
3 0.31743421052631576 0.5945723684210527 0.027960526315789474 0.10197368421052631
3 0.3495065789473684 0.5995065789473685 0.032072368421052634 0.10444078947368421