1 0.46710526315789475 0.6800986842105263 0.047697368421052634 0.14391447368421054
4 0.2557565789473684 0.6800986842105263 0.22039473684210525 0.3026315789473684
4 0.3092105263157895 0.4605263157894737 0.12746710526315788 0.13815789473684212
4 0.53125 0.40460526315789475 0.06332236842105263 0.09210526315789473
4 0.42269736842105265 0.37664473684210525 0.07648026315789473 0.08717105263157894
4 0.06414473684210527 0.7286184210526315 0.12417763157894737 0.31167763157894735
4 0.5608552631578947 0.3248355263157895 0.04851973684210526 0.06907894736842106
4 0.30756578947368424 0.3824013157894737 0.0962171052631579 0.0962171052631579
4 0.48273026315789475 0.2894736842105263 0.04029605263157895 0.07483552631578948
4 0.4901315789473684 0.3026315789473684 0.04194078947368421 0.07894736842105263
4 0.08305921052631579 0.5501644736842105 0.12006578947368421 0.13404605263157895
2 0.41118421052631576 0.4564144736842105 0.03453947368421053 0.0962171052631579
2 0.4564144736842105 0.3980263157894737 0.02631578947368421 0.07894736842105263