1 0.5411184210526315 0.5353618421052632 0.032072368421052634 0.12335526315789473
4 0.21792763157894737 0.4432565789473684 0.13898026315789475 0.14802631578947367
4 0.3824013157894737 0.5370065789473685 0.12664473684210525 0.15871710526315788
4 0.5707236842105263 0.3371710526315789 0.05098684210526316 0.07976973684210527
4 0.3988486842105263 0.3930921052631579 0.08634868421052631 0.08963815789473684
2 0.03289473684210526 0.7269736842105263 0.06085526315789474 0.1669407894736842
2 0.21628289473684212 0.5731907894736842 0.054276315789473686 0.12006578947368421
4 0.4597039473684211 0.29605263157894735 0.05674342105263158 0.07401315789473684
4 0.5518092105263158 0.24917763157894737 0.029605263157894735 0.05592105263157895
4 0.5304276315789473 0.2730263157894737 0.03782894736842105 0.05756578947368421
3 0.6792763157894737 0.43338815789473684 0.024671052631578948 0.09210526315789473
2 0.6332236842105263 0.4925986842105263 0.04851973684210526 0.0962171052631579