1 0.5164473684210527 0.5838815789473685 0.044407894736842105 0.12582236842105263
4 0.34457236842105265 0.4276315789473684 0.1118421052631579 0.12664473684210525
4 0.3519736842105263 0.584703947368421 0.18009868421052633 0.22779605263157895
4 0.4621710526315789 0.3338815789473684 0.06085526315789474 0.0805921052631579
2 0.26398026315789475 0.8708881578947368 0.10032894736842106 0.25
2 0.2631578947368421 0.5320723684210527 0.05345394736842105 0.11924342105263158
4 0.5361842105263158 0.3347039473684211 0.05016447368421053 0.06907894736842106
2 0.13733552631578946 0.6570723684210527 0.07648026315789473 0.18174342105263158
2 0.054276315789473686 0.7754934210526315 0.09950657894736842 0.16447368421052633
2 0.12746710526315788 0.5896381578947368 0.0756578947368421 0.14802631578947367
4 0.17023026315789475 0.4868421052631579 0.13322368421052633 0.14638157894736842
2 0.30098684210526316 0.40213815789473684 0.046875 0.08634868421052631