1 0.569078947368421 0.8511513157894737 0.07072368421052631 0.22615131578947367
1 0.46710526315789475 0.5805921052631579 0.03618421052631579 0.13980263157894737
4 0.7754934210526315 0.600328947368421 0.1669407894736842 0.19407894736842105
4 0.5682565789473685 0.3651315789473684 0.0756578947368421 0.08552631578947369
4 0.7228618421052632 0.41118421052631576 0.1118421052631579 0.11595394736842106
4 0.8511513157894737 0.8618421052631579 0.24424342105263158 0.2631578947368421
4 0.5888157894736842 0.3149671052631579 0.06825657894736842 0.08388157894736842
4 0.48273026315789475 0.29194078947368424 0.04111842105263158 0.05756578947368421
2 0.6044407894736842 0.5345394736842105 0.044407894736842105 0.11842105263157894
3 0.3248355263157895 0.5205592105263158 0.023848684210526317 0.09786184210526316
3 0.3618421052631579 0.584703947368421 0.03700657894736842 0.11019736842105263