1 0.540296052631579 0.6521381578947368 0.05838815789473684 0.15213815789473684
4 0.4654605263157895 0.41118421052631576 0.09375 0.1118421052631579
4 0.5189144736842105 0.4917763157894737 0.08223684210526316 0.12582236842105263
4 0.33305921052631576 0.4457236842105263 0.1069078947368421 0.12828947368421054
4 0.171875 0.5699013157894737 0.19490131578947367 0.2713815789473684
4 0.37006578947368424 0.34539473684210525 0.06825657894736842 0.08470394736842106
4 0.2738486842105263 0.40542763157894735 0.10115131578947369 0.13815789473684212
4 0.5345394736842105 0.3157894736842105 0.055098684210526314 0.07894736842105263
4 0.42598684210526316 0.35444078947368424 0.07401315789473684 0.09457236842105263
4 0.03453947368421053 0.6373355263157895 0.06743421052631579 0.15296052631578946
4 0.53125 0.3371710526315789 0.05756578947368421 0.09210526315789473
3 0.6611842105263158 0.6126644736842105 0.03453947368421053 0.125