1 0.5016447368421053 0.7754934210526315 0.061677631578947366 0.18338815789473684
4 0.5345394736842105 0.4300986842105263 0.0625 0.0962171052631579
4 0.522203947368421 0.3462171052631579 0.060032894736842105 0.07894736842105263
4 0.4317434210526316 0.7006578947368421 0.18009868421052633 0.24917763157894737
4 0.22203947368421054 0.5501644736842105 0.15049342105263158 0.15542763157894737
4 0.41776315789473684 0.3651315789473684 0.06907894736842106 0.0962171052631579
4 0.34457236842105265 0.3667763157894737 0.06990131578947369 0.08141447368421052
4 0.4769736842105263 0.3223684210526316 0.04276315789473684 0.06414473684210527
2 0.2754934210526316 0.6233552631578947 0.05345394736842105 0.15378289473684212
2 0.06907894736842106 0.5953947368421053 0.061677631578947366 0.1356907894736842
4 0.5600328947368421 0.30098684210526316 0.038651315789473686 0.07483552631578948
3 0.65625 0.7138157894736842 0.04276315789473684 0.1455592105263158
3 0.6488486842105263 0.4942434210526316 0.03782894736842105 0.0962171052631579
2 0.0962171052631579 0.5180921052631579 0.07072368421052631 0.1069078947368421
2 0.328125 0.4432565789473684 0.05180921052631579 0.10032894736842106
1 0.6036184210526315 0.4975328947368421 0.039473684210526314 0.11019736842105263