1 0.4868421052631579 0.680921052631579 0.05180921052631579 0.17434210526315788
1 0.43832236842105265 0.5805921052631579 0.03700657894736842 0.13404605263157895
4 0.7014802631578947 0.6603618421052632 0.17434210526315788 0.2138157894736842
4 0.5057565789473685 0.47368421052631576 0.08881578947368421 0.11513157894736842
4 0.7047697368421053 0.47944078947368424 0.12582236842105263 0.12911184210526316
4 0.5074013157894737 0.31085526315789475 0.046875 0.06661184210526316
4 0.819078947368421 0.3651315789473684 0.20723684210526316 0.19161184210526316
4 0.584703947368421 0.3519736842105263 0.08141447368421052 0.109375
4 0.7360197368421053 0.41694078947368424 0.10115131578947369 0.10444078947368421
2 0.8980263157894737 0.5896381578947368 0.06085526315789474 0.12335526315789473
2 0.944078947368421 0.7014802631578947 0.07401315789473684 0.16036184210526316
3 0.3149671052631579 0.59375 0.027138157894736843 0.11019736842105263
3 0.3495065789473684 0.600328947368421 0.03125 0.10444078947368421
3 0.32401315789473684 0.4317434210526316 0.019736842105263157 0.07319078947368421