1 0.3511513157894737 0.921875 0.078125 0.15460526315789475
4 0.5353618421052632 0.46792763157894735 0.08305921052631579 0.10773026315789473
4 0.21217105263157895 0.5748355263157895 0.1669407894736842 0.17845394736842105
4 0.31332236842105265 0.37664473684210525 0.09046052631578948 0.10115131578947369
4 0.3939144736842105 0.3963815789473684 0.09868421052631579 0.109375
4 0.524671052631579 0.3404605263157895 0.060032894736842105 0.07730263157894737
4 0.3684210526315789 0.5419407894736842 0.15707236842105263 0.19490131578947367
2 0.1225328947368421 0.772203947368421 0.06743421052631579 0.17763157894736842
4 0.022203947368421052 0.6439144736842105 0.04194078947368421 0.14144736842105263
4 0.4777960526315789 0.31661184210526316 0.054276315789473686 0.07236842105263158
2 0.13240131578947367 0.49835526315789475 0.05921052631578947 0.10773026315789473
4 0.5518092105263158 0.3042763157894737 0.03782894736842105 0.06825657894736842
3 0.678453947368421 0.5411184210526315 0.028782894736842105 0.11430921052631579
3 0.6644736842105263 0.49506578947368424 0.023026315789473683 0.10279605263157894
3 0.6891447368421053 0.6825657894736842 0.03536184210526316 0.1356907894736842