1 0.5304276315789473 0.5978618421052632 0.049342105263157895 0.14802631578947367
4 0.375 0.5353618421052632 0.13075657894736842 0.15378289473684212
4 0.3560855263157895 0.4136513157894737 0.10855263157894737 0.12828947368421054
4 0.5345394736842105 0.3379934210526316 0.05756578947368421 0.08388157894736842
4 0.06661184210526316 0.7508223684210527 0.13240131578947367 0.2878289473684211
4 0.4654605263157895 0.33223684210526316 0.054276315789473686 0.09292763157894737
4 0.1356907894736842 0.48355263157894735 0.16365131578947367 0.19983552631578946
2 0.34539473684210525 0.6973684210526315 0.06332236842105263 0.17269736842105263
2 0.4777960526315789 0.5304276315789473 0.038651315789473686 0.11513157894736842
2 0.19572368421052633 0.8881578947368421 0.08881578947368421 0.21217105263157895
2 0.1118421052631579 0.8618421052631579 0.08470394736842106 0.22697368421052633