1 0.6060855263157895 0.42269736842105265 0.022203947368421052 0.08881578947368421
4 0.5197368421052632 0.47286184210526316 0.08388157894736842 0.11430921052631579
4 0.3684210526315789 0.5172697368421053 0.13157894736842105 0.16365131578947367
4 0.47944078947368424 0.3873355263157895 0.0805921052631579 0.1118421052631579
4 0.28125 0.8322368421052632 0.26151315789473684 0.3223684210526316
4 0.4654605263157895 0.31743421052631576 0.049342105263157895 0.07976973684210527
4 0.5345394736842105 0.3157894736842105 0.04111842105263158 0.09210526315789473
4 0.4243421052631579 0.30838815789473684 0.05838815789473684 0.06825657894736842
4 0.4605263157894737 0.3314144736842105 0.054276315789473686 0.07401315789473684
2 0.12664473684210525 0.5995065789473685 0.05345394736842105 0.14884868421052633
2 0.2787828947368421 0.4720394736842105 0.04276315789473684 0.09786184210526316
2 0.08799342105263158 0.8042763157894737 0.07976973684210527 0.18585526315789475
2 0.15707236842105263 0.803453947368421 0.09046052631578948 0.23108552631578946
2 0.15789473684210525 0.6570723684210527 0.06743421052631579 0.16529605263157895
2 0.21628289473684212 0.5592105263157895 0.06825657894736842 0.14391447368421054
2 0.21710526315789475 0.46957236842105265 0.054276315789473686 0.11842105263157894
2 0.25082236842105265 0.4144736842105263 0.05592105263157895 0.09457236842105263
2 0.3519736842105263 0.42105263157894735 0.04851973684210526 0.0962171052631579
2 0.41036184210526316 0.5929276315789473 0.054276315789473686 0.14391447368421054
2 0.3881578947368421 0.38898026315789475 0.03700657894736842 0.09292763157894737