1 0.5879934210526315 0.5263157894736842 0.03125 0.12171052631578948
4 0.24177631578947367 0.43256578947368424 0.12088815789473684 0.12582236842105263
4 0.44243421052631576 0.45476973684210525 0.09375 0.11924342105263158
4 0.5501644736842105 0.31661184210526316 0.04358552631578947 0.06907894736842106
4 0.5164473684210527 0.28042763157894735 0.04029605263157895 0.055098684210526314
2 0.20148026315789475 0.5616776315789473 0.061677631578947366 0.13075657894736842
4 0.3824013157894737 0.3347039473684211 0.078125 0.08470394736842106
4 0.03536184210526316 0.5970394736842105 0.06990131578947369 0.1875
4 0.26726973684210525 0.3190789473684211 0.20559210526315788 0.1513157894736842
2 0.1768092105263158 0.6825657894736842 0.06907894736842106 0.16858552631578946
4 0.4720394736842105 0.3347039473684211 0.049342105263157895 0.06990131578947369
2 0.06990131578947369 0.6875 0.08552631578947369 0.1825657894736842
2 0.3338815789473684 0.4473684210526316 0.044407894736842105 0.0912828947368421