1 0.5633223684210527 0.44161184210526316 0.03700657894736842 0.10279605263157894
4 0.32648026315789475 0.6324013157894737 0.17927631578947367 0.24835526315789475
4 0.375 0.40707236842105265 0.09292763157894737 0.10032894736842106
4 0.12911184210526316 0.5197368421052632 0.12746710526315788 0.1455592105263158
4 0.546875 0.3125 0.046052631578947366 0.06578947368421052
4 0.46875 0.33305921052631576 0.05592105263157895 0.06907894736842106
2 0.3684210526315789 0.7853618421052632 0.07401315789473684 0.18832236842105263
2 0.18421052631578946 0.5476973684210527 0.054276315789473686 0.15542763157894737
2 0.11759868421052631 0.7064144736842105 0.0805921052631579 0.16365131578947367
4 0.5230263157894737 0.28207236842105265 0.04111842105263158 0.05263157894736842
2 0.26069078947368424 0.4819078947368421 0.04358552631578947 0.11842105263157894