0 0.4004934210526316 0.9169407894736842 0.07072368421052631 0.16365131578947367
4 0.4144736842105263 0.4588815789473684 0.09868421052631579 0.12088815789473684
4 0.48519736842105265 0.31661184210526316 0.06332236842105263 0.07894736842105263
4 0.0756578947368421 0.6825657894736842 0.14967105263157895 0.21546052631578946
4 0.33305921052631576 0.4243421052631579 0.11101973684210527 0.12828947368421054
4 0.09868421052631579 0.8766447368421053 0.19572368421052633 0.23108552631578946
2 0.46463815789473684 0.6126644736842105 0.05345394736842105 0.18667763157894737
2 0.3684210526315789 0.6241776315789473 0.055098684210526314 0.15953947368421054
2 0.23190789473684212 0.4407894736842105 0.038651315789473686 0.09703947368421052
2 0.10526315789473684 0.5608552631578947 0.060032894736842105 0.10361842105263158
2 0.47368421052631576 0.46875 0.046052631578947366 0.10115131578947369