0 0.6365131578947368 0.9078947368421053 0.07648026315789473 0.1825657894736842
4 0.662828947368421 0.578125 0.140625 0.17516447368421054
4 0.6759868421052632 0.43832236842105265 0.12335526315789473 0.13815789473684212
4 0.5485197368421053 0.34292763157894735 0.05756578947368421 0.07730263157894737
4 0.9087171052631579 0.6759868421052632 0.18009868421052633 0.25411184210526316
4 0.4769736842105263 0.3338815789473684 0.055098684210526314 0.07401315789473684
4 0.5411184210526315 0.42269736842105265 0.08717105263157894 0.0912828947368421
4 0.5542763157894737 0.3190789473684211 0.05756578947368421 0.0912828947368421
4 0.4662828947368421 0.2574013157894737 0.03700657894736842 0.06825657894736842
4 0.7154605263157895 0.38569078947368424 0.08470394736842106 0.10855263157894737
2 0.7171052631578947 0.7927631578947368 0.08634868421052631 0.17763157894736842
2 0.8462171052631579 0.8141447368421053 0.0962171052631579 0.23766447368421054