1 0.5444078947368421 0.6200657894736842 0.03782894736842105 0.13404605263157895
4 0.5057565789473685 0.5213815789473685 0.10608552631578948 0.15296052631578946
4 0.5320723684210527 0.37417763157894735 0.06414473684210527 0.09457236842105263
4 0.2870065789473684 0.48273026315789475 0.13075657894736842 0.14802631578947367
4 0.08634868421052631 0.8766447368421053 0.171875 0.23273026315789475
4 0.0805921052631579 0.5641447368421053 0.16036184210526316 0.19654605263157895
4 0.4350328947368421 0.4284539473684211 0.08552631578947369 0.109375
4 0.39473684210526316 0.34868421052631576 0.07483552631578948 0.10197368421052631
4 0.47286184210526316 0.31332236842105265 0.047697368421052634 0.07730263157894737
2 0.2574013157894737 0.6143092105263158 0.06085526315789474 0.15953947368421054
4 0.5419407894736842 0.3067434210526316 0.04194078947368421 0.06907894736842106
3 0.10197368421052631 0.6883223684210527 0.06743421052631579 0.14391447368421054
2 0.3560855263157895 0.649671052631579 0.06743421052631579 0.18009868421052633
2 0.24013157894736842 0.7960526315789473 0.09375 0.17763157894736842