1 0.569078947368421 0.6981907894736842 0.055098684210526314 0.15871710526315788
4 0.796875 0.5608552631578947 0.19572368421052633 0.21546052631578946
4 0.49917763157894735 0.3717105263157895 0.06990131578947369 0.0962171052631579
4 0.45476973684210525 0.4786184210526316 0.07648026315789473 0.11924342105263158
4 0.5189144736842105 0.2779605263157895 0.03700657894736842 0.049342105263157895
4 0.6019736842105263 0.37006578947368424 0.10279605263157894 0.11595394736842106
4 0.4629934210526316 0.3034539473684211 0.04194078947368421 0.06990131578947369
4 0.6800986842105263 0.3873355263157895 0.09046052631578948 0.09046052631578948
3 0.3059210526315789 0.5731907894736842 0.02549342105263158 0.16447368421052633
3 0.34868421052631576 0.6200657894736842 0.03042763157894737 0.11595394736842106
2 0.8626644736842105 0.49917763157894735 0.061677631578947366 0.11924342105263158
2 0.9720394736842105 0.5953947368421053 0.054276315789473686 0.12828947368421054