1 0.4128289473684211 0.5287828947368421 0.03700657894736842 0.13486842105263158
4 0.6513157894736842 0.571546052631579 0.12828947368421054 0.18092105263157895
4 0.6800986842105263 0.39555921052631576 0.09292763157894737 0.09210526315789473
4 0.821546052631579 0.5699013157894737 0.16365131578947367 0.16858552631578946
4 0.5616776315789473 0.37993421052631576 0.07730263157894737 0.08305921052631579
4 0.48273026315789475 0.3149671052631579 0.049342105263157895 0.07401315789473684
2 0.9613486842105263 0.7425986842105263 0.07483552631578948 0.171875
4 0.5287828947368421 0.30756578947368424 0.046875 0.06414473684210527
2 0.4654605263157895 0.3815789473684211 0.02055921052631579 0.08141447368421052
2 0.8100328947368421 0.640625 0.0649671052631579 0.15953947368421054
2 0.899671052631579 0.5197368421052632 0.07648026315789473 0.14720394736842105