1 0.4473684210526316 0.5106907894736842 0.044407894736842105 0.12006578947368421
4 0.553453947368421 0.4465460526315789 0.08799342105263158 0.11019736842105263
4 0.44901315789473684 0.31332236842105265 0.04523026315789474 0.06825657894736842
4 0.5879934210526315 0.375 0.08305921052631579 0.09786184210526316
4 0.8330592105263158 0.6036184210526315 0.21052631578947367 0.24917763157894737
4 0.7574013157894737 0.40460526315789475 0.12171052631578948 0.14391447368421054
4 0.8717105263157895 0.884046052631579 0.2557565789473684 0.21134868421052633
4 0.9769736842105263 0.6200657894736842 0.04276315789473684 0.14884868421052633
4 0.506578947368421 0.31332236842105265 0.05345394736842105 0.07976973684210527
4 0.5197368421052632 0.28289473684210525 0.046052631578947366 0.07236842105263158
2 0.5509868421052632 0.5271381578947368 0.032072368421052634 0.12006578947368421
2 0.634046052631579 0.6414473684210527 0.061677631578947366 0.16365131578947367
2 0.7245065789473685 0.634046052631579 0.054276315789473686 0.15542763157894737
2 0.46792763157894735 0.4251644736842105 0.033717105263157895 0.08552631578947369