4 0.32401315789473684 0.37417763157894735 0.10115131578947369 0.09786184210526316
4 0.14144736842105263 0.5041118421052632 0.16200657894736842 0.16611842105263158
4 0.16365131578947367 0.6134868421052632 0.17351973684210525 0.18832236842105263
4 0.4621710526315789 0.3338815789473684 0.05263157894736842 0.08717105263157894
2 0.3412828947368421 0.6430921052631579 0.054276315789473686 0.15953947368421054
4 0.43256578947368424 0.2993421052631579 0.05592105263157895 0.06825657894736842
2 0.40707236842105265 0.5148026315789473 0.04358552631578947 0.12664473684210525
4 0.506578947368421 0.28207236842105265 0.04276315789473684 0.07401315789473684
3 0.6488486842105263 0.7162828947368421 0.04029605263157895 0.14391447368421054
3 0.6924342105263158 0.665296052631579 0.029605263157894735 0.14226973684210525
2 0.38898026315789475 0.46463815789473684 0.03782894736842105 0.0962171052631579
1 0.5707236842105263 0.5592105263157895 0.04523026315789474 0.13980263157894737
2 0.25164473684210525 0.4621710526315789 0.038651315789473686 0.09539473684210527