1 0.49917763157894735 0.5592105263157895 0.047697368421052634 0.14638157894736842
4 0.584703947368421 0.4909539473684211 0.10444078947368421 0.12664473684210525
4 0.7360197368421053 0.5123355263157895 0.14720394736842105 0.16858552631578946
4 0.6225328947368421 0.39555921052631576 0.08799342105263158 0.09703947368421052
4 0.4317434210526316 0.37088815789473684 0.055098684210526314 0.07319078947368421
4 0.5213815789473685 0.3832236842105263 0.06661184210526316 0.07976973684210527
4 0.4942434210526316 0.28536184210526316 0.04276315789473684 0.07483552631578948
4 0.6208881578947368 0.3338815789473684 0.07483552631578948 0.07483552631578948
2 0.7549342105263158 0.6735197368421053 0.07072368421052631 0.16282894736842105
4 0.946546052631579 0.6381578947368421 0.07236842105263158 0.13157894736842105
2 0.5205592105263158 0.5032894736842105 0.04029605263157895 0.12828947368421054
3 0.3815789473684211 0.8634868421052632 0.06990131578947369 0.1825657894736842
3 0.4621710526315789 0.7064144736842105 0.04851973684210526 0.15789473684210525