1 0.46957236842105265 0.5509868421052632 0.03700657894736842 0.13075657894736842
4 0.6266447368421053 0.5608552631578947 0.13980263157894737 0.20970394736842105
4 0.609375 0.4037828947368421 0.09046052631578948 0.10361842105263158
4 0.9169407894736842 0.5641447368421053 0.15789473684210525 0.16447368421052633
4 0.47944078947368424 0.3470394736842105 0.06085526315789474 0.08634868421052631
4 0.6932565789473685 0.38569078947368424 0.09457236842105263 0.09539473684210527
2 0.7138157894736842 0.5213815789473685 0.049342105263157895 0.11348684210526316
4 0.9259868421052632 0.7796052631578947 0.14473684210526316 0.31167763157894735
4 0.5230263157894737 0.3215460526315789 0.055098684210526314 0.07401315789473684
2 0.5337171052631579 0.4037828947368421 0.02631578947368421 0.07483552631578948
4 0.5526315789473685 0.28618421052631576 0.05345394736842105 0.08963815789473684