1 0.5337171052631579 0.7179276315789473 0.04851973684210526 0.12417763157894737
4 0.803453947368421 0.5592105263157895 0.1669407894736842 0.16529605263157895
4 0.5550986842105263 0.33963815789473684 0.06414473684210527 0.08141447368421052
4 0.8042763157894737 0.4555921052631579 0.13075657894736842 0.140625
4 0.47286184210526316 0.3379934210526316 0.05921052631578947 0.07976973684210527
2 0.6611842105263158 0.680921052631579 0.060032894736842105 0.16858552631578946
4 0.6776315789473685 0.897203947368421 0.24835526315789475 0.19983552631578946
4 0.9523026315789473 0.7837171052631579 0.09375 0.3092105263157895
2 0.7360197368421053 0.6085526315789473 0.05592105263157895 0.1356907894736842
4 0.4917763157894737 0.2878289473684211 0.044407894736842105 0.06907894736842106
2 0.6365131578947368 0.4004934210526316 0.047697368421052634 0.1069078947368421
3 0.3404605263157895 0.6973684210526315 0.03618421052631579 0.11924342105263158
3 0.5879934210526315 0.9276315789473685 0.060032894736842105 0.13404605263157895
2 0.5098684210526315 0.4276315789473684 0.024671052631578948 0.08141447368421052
2 0.45148026315789475 0.4909539473684211 0.03618421052631579 0.09457236842105263