0 0.5148026315789473 0.5970394736842105 0.03453947368421053 0.16447368421052633
4 0.2845394736842105 0.45230263157894735 0.13980263157894737 0.17434210526315788
4 0.42680921052631576 0.359375 0.07072368421052631 0.08717105263157894
4 0.05592105263157895 0.6175986842105263 0.11019736842105263 0.19161184210526316
4 0.49506578947368424 0.36430921052631576 0.06578947368421052 0.08634868421052631
2 0.17516447368421054 0.7845394736842105 0.08223684210526316 0.18585526315789475
4 0.23273026315789475 0.4284539473684211 0.06907894736842106 0.10773026315789473
4 0.5731907894736842 0.2730263157894737 0.04029605263157895 0.06743421052631579
4 0.48026315789473684 0.2878289473684211 0.046052631578947366 0.05592105263157895
2 0.5139802631578947 0.41118421052631576 0.03289473684210526 0.08881578947368421
2 0.375 0.5879934210526315 0.0625 0.16036184210526316
2 0.3182565789473684 0.5279605263157895 0.055098684210526314 0.11595394736842106