1 0.522203947368421 0.4432565789473684 0.04111842105263158 0.10773026315789473
4 0.14226973684210525 0.6414473684210527 0.18832236842105263 0.22121710526315788
4 0.3626644736842105 0.40542763157894735 0.11924342105263158 0.15789473684210525
4 0.28125 0.6694078947368421 0.15625 0.22861842105263158
4 0.5485197368421053 0.4777960526315789 0.08717105263157894 0.12335526315789473
4 0.05345394736842105 0.6060855263157895 0.10197368421052631 0.19078947368421054
4 0.5230263157894737 0.3569078947368421 0.055098684210526314 0.07401315789473684
4 0.4753289473684211 0.32894736842105265 0.055098684210526314 0.06990131578947369
4 0.524671052631579 0.28042763157894735 0.03700657894736842 0.047697368421052634
3 0.6299342105263158 0.8075657894736842 0.04851973684210526 0.15213815789473684
3 0.647203947368421 0.625 0.027960526315789474 0.11348684210526316
3 0.662828947368421 0.38569078947368424 0.013157894736842105 0.06661184210526316
3 0.6052631578947368 0.46710526315789475 0.02549342105263158 0.07894736842105263
2 0.22286184210526316 0.45805921052631576 0.061677631578947366 0.10444078947368421