1 0.6365131578947368 0.7557565789473685 0.05592105263157895 0.17269736842105263
1 0.4934210526315789 0.6414473684210527 0.046052631578947366 0.14967105263157895
4 0.7014802631578947 0.4621710526315789 0.13733552631578946 0.14802631578947367
4 0.5230263157894737 0.4037828947368421 0.07648026315789473 0.10608552631578948
4 0.5485197368421053 0.3363486842105263 0.06578947368421052 0.08634868421052631
4 0.46463815789473684 0.28289473684210525 0.03289473684210526 0.05921052631578947
2 0.6430921052631579 0.5238486842105263 0.03700657894736842 0.12664473684210525
4 0.453125 0.33305921052631576 0.049342105263157895 0.07236842105263158
4 0.4251644736842105 0.27960526315789475 0.03536184210526316 0.07154605263157894
4 0.4810855263157895 0.24917763157894737 0.03125 0.049342105263157895
4 0.9523026315789473 0.7911184210526315 0.09375 0.25082236842105265
4 0.5394736842105263 0.32319078947368424 0.060032894736842105 0.08470394736842106
3 0.3495065789473684 0.9120065789473685 0.05756578947368421 0.15871710526315788
3 0.4243421052631579 0.9268092105263158 0.06907894736842106 0.1455592105263158
3 0.32401315789473684 0.5419407894736842 0.02138157894736842 0.09292763157894737