1 0.515625 0.7113486842105263 0.061677631578947366 0.17845394736842105
4 0.78125 0.709703947368421 0.21134868421052633 0.2944078947368421
4 0.7039473684210527 0.4975328947368421 0.12746710526315788 0.13733552631578946
4 0.5567434210526315 0.34457236842105265 0.08141447368421052 0.10279605263157894
4 0.8297697368421053 0.4868421052631579 0.16282894736842105 0.16529605263157895
4 0.484375 0.27960526315789475 0.04029605263157895 0.0625
2 0.5929276315789473 0.5912828947368421 0.05263157894736842 0.13815789473684212
2 0.7138157894736842 0.8388157894736842 0.08223684210526316 0.22286184210526316
4 0.4309210526315789 0.28536184210526316 0.039473684210526314 0.06578947368421052
2 0.5896381578947368 0.47944078947368424 0.05180921052631579 0.11266447368421052
4 0.6175986842105263 0.34292763157894735 0.06825657894736842 0.07401315789473684
2 0.6916118421052632 0.3848684210526316 0.04358552631578947 0.08305921052631579
2 0.5213815789473685 0.4761513157894737 0.04029605263157895 0.10855263157894737