1 0.3996710526315789 0.8799342105263158 0.06414473684210527 0.18667763157894737
4 0.29605263157894735 0.4753289473684211 0.11924342105263158 0.1356907894736842
4 0.10197368421052631 0.5509868421052632 0.15871710526315788 0.15953947368421054
4 0.49588815789473684 0.3782894736842105 0.0649671052631579 0.09457236842105263
4 0.5657894736842105 0.37335526315789475 0.06085526315789474 0.09457236842105263
4 0.4449013157894737 0.3363486842105263 0.07976973684210527 0.09292763157894737
4 0.3042763157894737 0.32319078947368424 0.14638157894736842 0.15460526315789475
4 0.44901315789473684 0.5699013157894737 0.13815789473684212 0.24588815789473684
4 0.5 0.3092105263157895 0.047697368421052634 0.07154605263157894
4 0.13651315789473684 0.8305921052631579 0.24835526315789475 0.32319078947368424
4 0.4136513157894737 0.31332236842105265 0.06743421052631579 0.07894736842105263
4 0.5024671052631579 0.29194078947368424 0.047697368421052634 0.08881578947368421
1 0.34292763157894735 0.5106907894736842 0.05180921052631579 0.12171052631578948
2 0.40707236842105265 0.48930921052631576 0.04523026315789474 0.1299342105263158