1 0.671875 0.9276315789473685 0.09292763157894737 0.14309210526315788
4 0.7417763157894737 0.5189144736842105 0.15789473684210525 0.16529605263157895
4 0.5953947368421053 0.3199013157894737 0.06578947368421052 0.09292763157894737
4 0.9037828947368421 0.8782894736842105 0.18996710526315788 0.234375
4 0.4876644736842105 0.36348684210526316 0.0649671052631579 0.09046052631578948
4 0.4629934210526316 0.27631578947368424 0.03453947368421053 0.05345394736842105
4 0.5649671052631579 0.359375 0.07483552631578948 0.09786184210526316
4 0.5032894736842105 0.28618421052631576 0.04111842105263158 0.0756578947368421
2 0.6710526315789473 0.6907894736842105 0.06578947368421052 0.17105263157894737
4 0.5115131578947368 0.3157894736842105 0.04276315789473684 0.06743421052631579
2 0.7138157894736842 0.8141447368421053 0.06825657894736842 0.17763157894736842