1 0.5995065789473685 0.8873355263157895 0.0756578947368421 0.22286184210526316
4 0.6529605263157895 0.5748355263157895 0.17845394736842105 0.20065789473684212
2 0.7475328947368421 0.537828947368421 0.05756578947368421 0.12335526315789473
4 0.5172697368421053 0.2993421052631579 0.054276315789473686 0.06578947368421052
4 0.4613486842105263 0.3199013157894737 0.046052631578947366 0.08141447368421052
4 0.6126644736842105 0.33305921052631576 0.07154605263157894 0.078125
3 0.3988486842105263 0.8421052631578947 0.04029605263157895 0.18338815789473684
3 0.41776315789473684 0.9300986842105263 0.06332236842105263 0.13815789473684212
2 0.8495065789473685 0.4967105263157895 0.06414473684210527 0.12088815789473684
2 0.9580592105263158 0.5904605263157895 0.08223684210526316 0.15707236842105263
2 0.6398026315789473 0.41036184210526316 0.04523026315789474 0.0912828947368421
2 0.6167763157894737 0.4449013157894737 0.038651315789473686 0.09457236842105263