1 0.4309210526315789 0.7738486842105263 0.054276315789473686 0.15789473684210525
1 0.4629934210526316 0.865953947368421 0.07648026315789473 0.17845394736842105
4 0.32976973684210525 0.4588815789473684 0.1118421052631579 0.12171052631578948
4 0.1225328947368421 0.5386513157894737 0.14967105263157895 0.15871710526315788
4 0.4432565789473684 0.43667763157894735 0.09539473684210527 0.12006578947368421
4 0.3692434210526316 0.33881578947368424 0.07154605263157894 0.08305921052631579
4 0.5657894736842105 0.39555921052631576 0.060032894736842105 0.07319078947368421
4 0.4350328947368421 0.3527960526315789 0.06990131578947369 0.08470394736842106
4 0.20888157894736842 0.8092105263157895 0.23848684210526316 0.34210526315789475
4 0.5435855263157895 0.3215460526315789 0.04851973684210526 0.07483552631578948
4 0.06414473684210527 0.787828947368421 0.12582236842105263 0.27631578947368424
3 0.6554276315789473 0.4909539473684211 0.023026315789473683 0.10197368421052631
3 0.6891447368421053 0.5353618421052632 0.02631578947368421 0.11019736842105263
2 0.2754934210526316 0.5731907894736842 0.05180921052631579 0.1455592105263158