1 0.48601973684210525 0.615953947368421 0.04194078947368421 0.140625
4 0.6241776315789473 0.5805921052631579 0.14226973684210525 0.16940789473684212
4 0.5855263157894737 0.37664473684210525 0.08470394736842106 0.10361842105263158
4 0.7919407894736842 0.5641447368421053 0.15871710526315788 0.15871710526315788
4 0.6677631578947368 0.37006578947368424 0.08470394736842106 0.09210526315789473
4 0.49835526315789475 0.30756578947368424 0.05263157894736842 0.07401315789473684
4 0.4342105263157895 0.3149671052631579 0.04358552631578947 0.07401315789473684
2 0.5197368421052632 0.5386513157894737 0.038651315789473686 0.12171052631578948
2 0.7894736842105263 0.6751644736842105 0.06661184210526316 0.15707236842105263
3 0.390625 0.8824013157894737 0.06085526315789474 0.18009868421052633
3 0.4868421052631579 0.6151315789473685 0.03453947368421053 0.13980263157894737
2 0.4769736842105263 0.4901315789473684 0.04523026315789474 0.11430921052631579