1 0.640625 0.9070723684210527 0.07894736842105263 0.18421052631578946
4 0.6792763157894737 0.45394736842105265 0.12088815789473684 0.1455592105263158
4 0.5172697368421053 0.37088815789473684 0.060032894736842105 0.0805921052631579
4 0.8174342105263158 0.4777960526315789 0.14144736842105263 0.14638157894736842
2 0.787828947368421 0.6907894736842105 0.06825657894736842 0.17105263157894737
4 0.5074013157894737 0.4819078947368421 0.08881578947368421 0.12417763157894737
2 0.9226973684210527 0.6833881578947368 0.07154605263157894 0.15296052631578946
4 0.5995065789473685 0.32648026315789475 0.06743421052631579 0.0756578947368421
4 0.4300986842105263 0.2557565789473684 0.038651315789473686 0.07154605263157894
4 0.4161184210526316 0.3223684210526316 0.04358552631578947 0.06907894736842106
4 0.4942434210526316 0.3034539473684211 0.04358552631578947 0.07154605263157894
3 0.375 0.8231907894736842 0.055098684210526314 0.16611842105263158
2 0.5608552631578947 0.625 0.060032894736842105 0.15213815789473684
2 0.6077302631578947 0.48519736842105265 0.039473684210526314 0.10361842105263158