1 0.40131578947368424 0.46381578947368424 0.03700657894736842 0.09703947368421052
4 0.6907894736842105 0.5945723684210527 0.15953947368421054 0.20230263157894737
4 0.5098684210526315 0.5263157894736842 0.10773026315789473 0.14967105263157895
4 0.5444078947368421 0.41036184210526316 0.10361842105263158 0.11924342105263158
2 0.7129934210526315 0.4613486842105263 0.046052631578947366 0.10361842105263158
4 0.5649671052631579 0.3470394736842105 0.07072368421052631 0.09292763157894737
2 0.7960526315789473 0.5353618421052632 0.05592105263157895 0.12335526315789473
2 0.6595394736842105 0.4185855263157895 0.044407894736842105 0.08717105263157894
2 0.890625 0.6800986842105263 0.08141447368421052 0.16282894736842105
2 0.9013157894736842 0.5616776315789473 0.06085526315789474 0.1455592105263158
2 0.8388157894736842 0.48519736842105265 0.05838815789473684 0.1299342105263158
2 0.6735197368421053 0.7228618421052632 0.0805921052631579 0.18832236842105263