1 0.4942434210526316 0.5929276315789473 0.04523026315789474 0.13733552631578946
1 0.4720394736842105 0.712171052631579 0.07154605263157894 0.14391447368421054
4 0.3692434210526316 0.40542763157894735 0.09868421052631579 0.125
4 0.24259868421052633 0.4300986842105263 0.12088815789473684 0.13157894736842105
4 0.17598684210526316 0.8314144736842105 0.23355263157894737 0.3248355263157895
4 0.47368421052631576 0.41036184210526316 0.08141447368421052 0.11266447368421052
4 0.555921052631579 0.3651315789473684 0.0625 0.0805921052631579
4 0.15378289473684212 0.6430921052631579 0.19325657894736842 0.21710526315789475
4 0.49835526315789475 0.29605263157894735 0.04276315789473684 0.06825657894736842
4 0.40542763157894735 0.3223684210526316 0.06332236842105263 0.06907894736842106
2 0.08141447368421052 0.5970394736842105 0.06825657894736842 0.14638157894736842