1 0.4449013157894737 0.4440789473684211 0.03289473684210526 0.09786184210526316
4 0.8009868421052632 0.569078947368421 0.17023026315789475 0.17516447368421054
4 0.8133223684210527 0.7935855263157895 0.24835526315789475 0.3939144736842105
4 0.6052631578947368 0.39144736842105265 0.08634868421052631 0.09046052631578948
4 0.8157894736842105 0.4753289473684211 0.13898026315789475 0.13815789473684212
4 0.5649671052631579 0.3050986842105263 0.044407894736842105 0.06085526315789474
2 0.5542763157894737 0.4194078947368421 0.03125 0.08717105263157894
4 0.4399671052631579 0.3059210526315789 0.03700657894736842 0.05756578947368421
4 0.5254934210526315 0.3215460526315789 0.05098684210526316 0.07483552631578948
4 0.3675986842105263 0.3182565789473684 0.046875 0.05921052631578947
4 0.33881578947368424 0.2754934210526316 0.03125 0.04523026315789474
3 0.37911184210526316 0.8799342105263158 0.054276315789473686 0.15707236842105263
3 0.3100328947368421 0.5411184210526315 0.028782894736842105 0.10032894736842106