1 0.4399671052631579 0.4498355263157895 0.029605263157894735 0.0962171052631579
4 0.5805921052631579 0.3725328947368421 0.07154605263157894 0.08141447368421052
4 0.7368421052631579 0.4876644736842105 0.15625 0.1924342105263158
4 0.6356907894736842 0.34210526315789475 0.07072368421052631 0.08552631578947369
2 0.8700657894736842 0.8174342105263158 0.08223684210526316 0.18009868421052633
4 0.5082236842105263 0.3092105263157895 0.04851973684210526 0.06825657894736842
2 0.7212171052631579 0.680921052631579 0.06990131578947369 0.17763157894736842
4 0.46792763157894735 0.28125 0.04194078947368421 0.06085526315789474
3 0.4095394736842105 0.8988486842105263 0.047697368421052634 0.1768092105263158
3 0.3248355263157895 0.5814144736842105 0.028782894736842105 0.12006578947368421
3 0.7286184210526315 0.6036184210526315 0.060032894736842105 0.14884868421052633
2 0.5970394736842105 0.4934210526315789 0.046875 0.11019736842105263