1 0.678453947368421 0.8240131578947368 0.07483552631578948 0.18832236842105263
4 0.8552631578947368 0.6513157894736842 0.21957236842105263 0.25164473684210525
4 0.6398026315789473 0.421875 0.10279605263157894 0.11595394736842106
4 0.6916118421052632 0.3840460526315789 0.10032894736842106 0.10279605263157894
4 0.5567434210526315 0.35444078947368424 0.06332236842105263 0.0756578947368421
4 0.4967105263157895 0.31167763157894735 0.04358552631578947 0.06085526315789474
4 0.9481907894736842 0.5789473684210527 0.09457236842105263 0.20970394736842105
2 0.6044407894736842 0.5649671052631579 0.04851973684210526 0.1356907894736842
4 0.5855263157894737 0.3190789473684211 0.05674342105263158 0.06332236842105263
2 0.8429276315789473 0.8141447368421053 0.07648026315789473 0.18914473684210525
2 0.5575657894736842 0.43585526315789475 0.033717105263157895 0.09539473684210527
3 0.37664473684210525 0.8133223684210527 0.05345394736842105 0.15378289473684212
3 0.3495065789473684 0.5962171052631579 0.03536184210526316 0.10773026315789473
3 0.3125 0.5896381578947368 0.03289473684210526 0.10444078947368421
2 0.75 0.6200657894736842 0.078125 0.1669407894736842