1 0.46381578947368424 0.5328947368421053 0.039473684210526314 0.12582236842105263
4 0.7302631578947368 0.5041118421052632 0.14144736842105263 0.17434210526315788
4 0.78125 0.8231907894736842 0.21957236842105263 0.3248355263157895
4 0.8157894736842105 0.4777960526315789 0.13322368421052633 0.14144736842105263
4 0.47039473684210525 0.34292763157894735 0.05674342105263158 0.08388157894736842
4 0.5337171052631579 0.33305921052631576 0.06661184210526316 0.08388157894736842
4 0.6529605263157895 0.359375 0.09703947368421052 0.09210526315789473
4 0.5707236842105263 0.3092105263157895 0.05345394736842105 0.05838815789473684
3 0.3248355263157895 0.6858552631578947 0.03700657894736842 0.12006578947368421
3 0.30756578947368424 0.4901315789473684 0.023848684210526317 0.10608552631578948
3 0.3881578947368421 0.7944078947368421 0.046875 0.16611842105263158