1 0.7080592105263158 0.850328947368421 0.10444078947368421 0.19736842105263158
4 0.7220394736842105 0.6521381578947368 0.18174342105263158 0.22203947368421054
4 0.8898026315789473 0.6463815789473685 0.21875 0.27960526315789475
4 0.5296052631578947 0.5444078947368421 0.1225328947368421 0.14802631578947367
4 0.5411184210526315 0.3511513157894737 0.07154605263157894 0.09046052631578948
4 0.6381578947368421 0.3511513157894737 0.07730263157894737 0.09786184210526316
4 0.6636513157894737 0.9161184210526315 0.19654605263157895 0.15460526315789475
2 0.7154605263157895 0.46381578947368424 0.03536184210526316 0.08552631578947369
4 0.48519736842105265 0.2902960526315789 0.04358552631578947 0.0625
4 0.8536184210526315 0.5008223684210527 0.12828947368421054 0.11513157894736842
3 0.39226973684210525 0.3667763157894737 0.02055921052631579 0.07236842105263158
2 0.7294407894736842 0.43667763157894735 0.039473684210526314 0.10444078947368421