1 0.5616776315789473 0.930921052631579 0.06414473684210527 0.13651315789473684
4 0.727796052631579 0.4128289473684211 0.12746710526315788 0.11924342105263158
4 0.587171052631579 0.3667763157894737 0.08223684210526316 0.11595394736842106
2 0.912828947368421 0.6233552631578947 0.0649671052631579 0.14309210526315788
4 0.6513157894736842 0.578125 0.14309210526315788 0.16940789473684212
4 0.9671052631578947 0.7820723684210527 0.06414473684210527 0.17516447368421054
2 0.8092105263157895 0.6143092105263158 0.055098684210526314 0.13815789473684212
2 0.6480263157894737 0.4613486842105263 0.03782894736842105 0.08717105263157894
4 0.4942434210526316 0.32319078947368424 0.054276315789473686 0.10444078947368421
2 0.5641447368421053 0.5567434210526315 0.046052631578947366 0.11759868421052631
2 0.5616776315789473 0.4136513157894737 0.03125 0.07976973684210527
3 0.34375 0.6258223684210527 0.046052631578947366 0.12335526315789473