1 0.5633223684210527 0.4449013157894737 0.03289473684210526 0.10444078947368421
4 0.46875 0.3149671052631579 0.061677631578947366 0.08963815789473684
4 0.5707236842105263 0.3404605263157895 0.046052631578947366 0.0756578947368421
4 0.18174342105263158 0.4810855263157895 0.15213815789473684 0.14638157894736842
4 0.05838815789473684 0.7376644736842105 0.11513157894736842 0.23848684210526316
2 0.3125 0.44819078947368424 0.04111842105263158 0.0962171052631579
2 0.24671052631578946 0.5131578947368421 0.054276315789473686 0.13486842105263158
2 0.3980263157894737 0.3840460526315789 0.03289473684210526 0.07483552631578948
4 0.5386513157894737 0.2878289473684211 0.03618421052631579 0.06825657894736842
2 0.390625 0.4975328947368421 0.03536184210526316 0.12006578947368421
2 0.08141447368421052 0.5814144736842105 0.07319078947368421 0.11842105263157894
1 0.3207236842105263 0.47286184210526316 0.03618421052631579 0.11266447368421052
2 0.32648026315789475 0.3972039473684211 0.046875 0.07976973684210527