1 0.5674342105263158 0.43914473684210525 0.032072368421052634 0.09457236842105263
4 0.35526315789473684 0.6143092105263158 0.14967105263157895 0.1875
4 0.375 0.40707236842105265 0.09868421052631579 0.12664473684210525
4 0.40625 0.3182565789473684 0.06661184210526316 0.07483552631578948
4 0.08141447368421052 0.7179276315789473 0.1611842105263158 0.30098684210526316
2 0.1875 0.6875 0.07072368421052631 0.17516447368421054
4 0.4975328947368421 0.3092105263157895 0.05180921052631579 0.06990131578947369
4 0.30838815789473684 0.390625 0.09375 0.09539473684210527
4 0.5567434210526315 0.3034539473684211 0.039473684210526314 0.06414473684210527
3 0.6735197368421053 0.7269736842105263 0.04111842105263158 0.14391447368421054
3 0.6932565789473685 0.5106907894736842 0.023848684210526317 0.109375
3 0.6192434210526315 0.859375 0.054276315789473686 0.17763157894736842