1 0.6916118421052632 0.897203947368421 0.07483552631578948 0.1981907894736842
1 0.453125 0.4761513157894737 0.03782894736842105 0.1299342105263158
4 0.5263157894736842 0.4087171052631579 0.07483552631578948 0.09210526315789473
4 0.7524671052631579 0.6488486842105263 0.23026315789473684 0.3560855263157895
4 0.9177631578947368 0.5550986842105263 0.16365131578947367 0.19490131578947367
4 0.5509868421052632 0.34292763157894735 0.055098684210526314 0.07730263157894737
4 0.48026315789473684 0.34210526315789475 0.05921052631578947 0.07319078947368421
4 0.6085526315789473 0.39555921052631576 0.078125 0.10197368421052631
4 0.46792763157894735 0.2680921052631579 0.038651315789473686 0.06578947368421052
4 0.4095394736842105 0.3338815789473684 0.039473684210526314 0.05838815789473684
4 0.8018092105263158 0.5674342105263158 0.171875 0.21546052631578946
4 0.5542763157894737 0.31743421052631576 0.05838815789473684 0.08388157894736842
2 0.6118421052631579 0.4917763157894737 0.04276315789473684 0.10115131578947369
3 0.375 0.9210526315789473 0.055098684210526314 0.15707236842105263
3 0.4777960526315789 0.7861842105263158 0.05263157894736842 0.171875