1 0.5049342105263158 0.7080592105263158 0.05016447368421053 0.16282894736842105
4 0.06907894736842106 0.5699013157894737 0.13486842105263158 0.1825657894736842
4 0.09786184210526316 0.6932565789473685 0.19078947368421054 0.22861842105263158
4 0.36348684210526316 0.41118421052631576 0.09703947368421052 0.12088815789473684
4 0.5427631578947368 0.4753289473684211 0.0805921052631579 0.12006578947368421
4 0.5345394736842105 0.3190789473684211 0.05345394736842105 0.09210526315789473
4 0.4095394736842105 0.31661184210526316 0.0649671052631579 0.078125
2 0.3667763157894737 0.6085526315789473 0.05180921052631579 0.15378289473684212
2 0.5016447368421053 0.37993421052631576 0.02549342105263158 0.07730263157894737
3 0.6422697368421053 0.7549342105263158 0.04276315789473684 0.13815789473684212
3 0.6578947368421053 0.6036184210526315 0.029605263157894735 0.11019736842105263
2 0.4786184210526316 0.4449013157894737 0.04111842105263158 0.1069078947368421
2 0.060032894736842105 0.921875 0.11677631578947369 0.15460526315789475