1 0.5674342105263158 0.4605263157894737 0.022203947368421052 0.09210526315789473
1 0.602796052631579 0.3651315789473684 0.014802631578947368 0.07319078947368421
4 0.35526315789473684 0.4161184210526316 0.109375 0.13733552631578946
4 0.24259868421052633 0.6998355263157895 0.19490131578947367 0.2532894736842105
4 0.08799342105263158 0.5213815789473685 0.17516447368421054 0.23766447368421054
2 0.1356907894736842 0.649671052631579 0.07236842105263158 0.15789473684210525
4 0.49506578947368424 0.3100328947368421 0.04523026315789474 0.06414473684210527
4 0.5888157894736842 0.32319078947368424 0.03700657894736842 0.0625
4 0.3692434210526316 0.3470394736842105 0.09457236842105263 0.09046052631578948
3 0.6570723684210527 0.6019736842105263 0.027960526315789474 0.10773026315789473
3 0.6957236842105263 0.5978618421052632 0.02138157894736842 0.10115131578947369
3 0.5666118421052632 0.9399671052631579 0.0649671052631579 0.10279605263157894