1 0.36430921052631576 0.8782894736842105 0.06907894736842106 0.17105263157894737
4 0.23190789473684212 0.53125 0.16282894736842105 0.17598684210526316
4 0.4934210526315789 0.4621710526315789 0.08799342105263158 0.12171052631578948
4 0.5337171052631579 0.3519736842105263 0.05674342105263158 0.08470394736842106
4 0.3782894736842105 0.4136513157894737 0.08799342105263158 0.11348684210526316
4 0.5740131578947368 0.2902960526315789 0.04111842105263158 0.06990131578947369
4 0.3824013157894737 0.3470394736842105 0.07072368421052631 0.0805921052631579
4 0.5049342105263158 0.30180921052631576 0.04276315789473684 0.06414473684210527
4 0.46875 0.3314144736842105 0.04851973684210526 0.07894736842105263
4 0.2590460526315789 0.4194078947368421 0.12664473684210525 0.140625
4 0.0962171052631579 0.881578947368421 0.19161184210526316 0.2294407894736842
2 0.31167763157894735 0.5921052631578947 0.054276315789473686 0.14884868421052633
2 0.3840460526315789 0.47039473684210525 0.04029605263157895 0.10197368421052631