1 0.6101973684210527 0.9111842105263158 0.08305921052631579 0.17598684210526316
4 0.5509868421052632 0.44161184210526316 0.09457236842105263 0.12088815789473684
4 0.8042763157894737 0.46957236842105265 0.12746710526315788 0.12171052631578948
4 0.6875 0.46381578947368424 0.11677631578947369 0.12417763157894737
4 0.4810855263157895 0.34292763157894735 0.05016447368421053 0.07319078947368421
4 0.8700657894736842 0.6398026315789473 0.20970394736842105 0.2294407894736842
4 0.5797697368421053 0.6776315789473685 0.15871710526315788 0.2574013157894737
4 0.837171052631579 0.7935855263157895 0.23766447368421054 0.3050986842105263
2 0.7425986842105263 0.5888157894736842 0.054276315789473686 0.14144736842105263
2 0.8939144736842105 0.9029605263157895 0.14473684210526316 0.1768092105263158
3 0.3371710526315789 0.4251644736842105 0.023848684210526317 0.1069078947368421
2 0.6110197368421053 0.375 0.03125 0.07483552631578948
2 0.5855263157894737 0.4152960526315789 0.04194078947368421 0.0912828947368421