1 0.4777960526315789 0.8544407894736842 0.0625 0.1669407894736842
1 0.5567434210526315 0.584703947368421 0.04523026315789474 0.13404605263157895
4 0.10197368421052631 0.5320723684210527 0.16200657894736842 0.1768092105263158
4 0.3050986842105263 0.6118421052631579 0.17845394736842105 0.25164473684210525
4 0.48355263157894735 0.38569078947368424 0.07154605263157894 0.10032894736842106
4 0.29276315789473684 0.3930921052631579 0.10197368421052631 0.10608552631578948
4 0.4087171052631579 0.3684210526315789 0.078125 0.10115131578947369
4 0.5707236842105263 0.27960526315789475 0.04358552631578947 0.08388157894736842
4 0.49835526315789475 0.3034539473684211 0.046875 0.06661184210526316
4 0.43832236842105265 0.3092105263157895 0.05345394736842105 0.07483552631578948
2 0.04276315789473684 0.8585526315789473 0.08305921052631579 0.17845394736842105