1 0.5386513157894737 0.8396381578947368 0.06743421052631579 0.20065789473684212
4 0.7763157894736842 0.6167763157894737 0.1924342105263158 0.19490131578947367
4 0.6274671052631579 0.40213815789473684 0.09539473684210527 0.12335526315789473
4 0.5139802631578947 0.3100328947368421 0.05345394736842105 0.07236842105263158
4 0.5345394736842105 0.4243421052631579 0.078125 0.10279605263157894
4 0.7927631578947368 0.4588815789473684 0.14473684210526316 0.1513157894736842
4 0.4449013157894737 0.3026315789473684 0.03700657894736842 0.061677631578947366
4 0.6167763157894737 0.33305921052631576 0.07730263157894737 0.08963815789473684
4 0.4753289473684211 0.3569078947368421 0.05674342105263158 0.07236842105263158
2 0.7014802631578947 0.8733552631578947 0.08305921052631579 0.2294407894736842
3 0.390625 0.7458881578947368 0.039473684210526314 0.15296052631578946