1 0.522203947368421 0.8544407894736842 0.0625 0.1669407894736842
1 0.4432565789473684 0.584703947368421 0.04523026315789474 0.13404605263157895
4 0.8980263157894737 0.5320723684210527 0.16200657894736842 0.1768092105263158
4 0.6949013157894737 0.6118421052631579 0.17845394736842105 0.25164473684210525
4 0.5164473684210527 0.38569078947368424 0.07154605263157894 0.10032894736842106
4 0.7072368421052632 0.3930921052631579 0.10197368421052631 0.10608552631578948
4 0.5912828947368421 0.3684210526315789 0.078125 0.10115131578947369
4 0.4292763157894737 0.27960526315789475 0.04358552631578947 0.08388157894736842
4 0.5016447368421053 0.3034539473684211 0.046875 0.06661184210526316
4 0.5616776315789473 0.3092105263157895 0.05345394736842105 0.07483552631578948
2 0.9572368421052632 0.8585526315789473 0.08305921052631579 0.17845394736842105