1 0.5567434210526315 0.921875 0.08881578947368421 0.15378289473684212
1 0.4819078947368421 0.7483552631578947 0.06085526315789474 0.16447368421052633
1 0.4152960526315789 0.5320723684210527 0.04276315789473684 0.12335526315789473
4 0.9021381578947368 0.6800986842105263 0.19490131578947367 0.23190789473684212
4 0.5542763157894737 0.3462171052631579 0.060032894736842105 0.08634868421052631
4 0.6365131578947368 0.4087171052631579 0.10279605263157894 0.12335526315789473
4 0.46710526315789475 0.45394736842105265 0.06661184210526316 0.109375
4 0.44901315789473684 0.31167763157894735 0.04111842105263158 0.08963815789473684
4 0.7302631578947368 0.42105263157894735 0.11101973684210527 0.109375
4 0.6167763157894737 0.8075657894736842 0.21052631578947367 0.3651315789473684
4 0.5131578947368421 0.31167763157894735 0.046052631578947366 0.07154605263157894
4 0.4917763157894737 0.36430921052631576 0.07072368421052631 0.08717105263157894
4 0.5896381578947368 0.3149671052631579 0.06414473684210527 0.07401315789473684
3 0.3462171052631579 0.6751644736842105 0.03618421052631579 0.14144736842105263
3 0.3511513157894737 0.4925986842105263 0.03125 0.09786184210526316
2 0.9185855263157895 0.8791118421052632 0.09868421052631579 0.21957236842105263
2 0.7598684210526315 0.5164473684210527 0.0625 0.12911184210526316