1 0.5485197368421053 0.49506578947368424 0.03700657894736842 0.11348684210526316
4 0.2738486842105263 0.5024671052631579 0.13404605263157895 0.16036184210526316
4 0.1875 0.796875 0.2450657894736842 0.3717105263157895
4 0.587171052631579 0.34375 0.044407894736842105 0.06661184210526316
4 0.46381578947368424 0.3314144736842105 0.06085526315789474 0.08388157894736842
4 0.3379934210526316 0.3618421052631579 0.08470394736842106 0.09210526315789473
4 0.5337171052631579 0.32648026315789475 0.046875 0.07401315789473684
4 0.04523026315789474 0.6274671052631579 0.08717105263157894 0.16282894736842105
4 0.506578947368421 0.2837171052631579 0.04029605263157895 0.06332236842105263
2 0.3980263157894737 0.4621710526315789 0.04194078947368421 0.10361842105263158
4 0.3963815789473684 0.27055921052631576 0.07483552631578948 0.09046052631578948
3 0.6726973684210527 0.5106907894736842 0.023026315789473683 0.08881578947368421
2 0.453125 0.40707236842105265 0.03042763157894737 0.08388157894736842