1 0.4917763157894737 0.7195723684210527 0.05016447368421053 0.16365131578947367
4 0.8174342105263158 0.46710526315789475 0.13651315789473684 0.14967105263157895
4 0.571546052631579 0.3626644736842105 0.08305921052631579 0.1069078947368421
4 0.5164473684210527 0.31661184210526316 0.04851973684210526 0.0756578947368421
4 0.8717105263157895 0.837171052631579 0.24177631578947367 0.3067434210526316
4 0.59375 0.7351973684210527 0.1981907894736842 0.28536184210526316
4 0.740953947368421 0.5164473684210527 0.13815789473684212 0.15542763157894737
4 0.4161184210526316 0.2886513157894737 0.039473684210526314 0.06332236842105263
4 0.4769736842105263 0.3347039473684211 0.05263157894736842 0.08305921052631579
4 0.615953947368421 0.3347039473684211 0.06743421052631579 0.08141447368421052
2 0.6833881578947368 0.5641447368421053 0.06332236842105263 0.14638157894736842
2 0.6118421052631579 0.5518092105263158 0.0625 0.140625
2 0.618421052631579 0.46710526315789475 0.04194078947368421 0.10773026315789473