1 0.5361842105263158 0.5254934210526315 0.03536184210526316 0.11595394736842106
4 0.2837171052631579 0.4120065789473684 0.09375 0.11430921052631579
4 0.3980263157894737 0.3996710526315789 0.09375 0.12664473684210525
4 0.42680921052631576 0.4786184210526316 0.12828947368421054 0.17434210526315788
4 0.4868421052631579 0.31167763157894735 0.04851973684210526 0.07401315789473684
4 0.16776315789473684 0.796875 0.25082236842105265 0.3692434210526316
4 0.04523026315789474 0.7401315789473685 0.08388157894736842 0.24259868421052633
4 0.5485197368421053 0.31332236842105265 0.038651315789473686 0.07236842105263158
2 0.16776315789473684 0.5041118421052632 0.05180921052631579 0.09539473684210527
3 0.5723684210526315 0.8930921052631579 0.05180921052631579 0.1875
2 0.2574013157894737 0.5320723684210527 0.06907894736842106 0.125
2 0.20559210526315788 0.5986842105263158 0.06578947368421052 0.10032894736842106
2 0.2787828947368421 0.46381578947368424 0.05263157894736842 0.09046052631578948
2 0.45723684210526316 0.5748355263157895 0.04851973684210526 0.140625