1 0.524671052631579 0.6282894736842105 0.05345394736842105 0.15378289473684212
4 0.6332236842105263 0.40707236842105265 0.09950657894736842 0.11842105263157894
4 0.8610197368421053 0.8075657894736842 0.22450657894736842 0.3536184210526316
4 0.5131578947368421 0.31085526315789475 0.05263157894736842 0.06907894736842106
4 0.7631578947368421 0.5822368421052632 0.15378289473684212 0.1513157894736842
4 0.6726973684210527 0.3651315789473684 0.08223684210526316 0.08552631578947369
2 0.9136513157894737 0.5912828947368421 0.060032894736842105 0.125
4 0.4613486842105263 0.3223684210526316 0.046875 0.06661184210526316
2 0.6513157894736842 0.743421052631579 0.05921052631578947 0.17105263157894737
3 0.32319078947368424 0.4909539473684211 0.024671052631578948 0.10032894736842106
2 0.6011513157894737 0.5032894736842105 0.04523026315789474 0.11348684210526316
2 0.5666118421052632 0.44819078947368424 0.04194078947368421 0.10444078947368421
2 0.5287828947368421 0.3972039473684211 0.032072368421052634 0.08305921052631579
2 0.7828947368421053 0.43585526315789475 0.05674342105263158 0.10115131578947369