1 0.40542763157894735 0.48519736842105265 0.022203947368421052 0.09786184210526316
4 0.8092105263157895 0.5921052631578947 0.16282894736842105 0.19407894736842105
4 0.6891447368421053 0.37664473684210525 0.0962171052631579 0.1069078947368421
4 0.569078947368421 0.5929276315789473 0.13322368421052633 0.25411184210526316
4 0.9243421052631579 0.5748355263157895 0.15049342105263158 0.22286184210526316
4 0.5024671052631579 0.30180921052631576 0.04276315789473684 0.06825657894736842
4 0.5657894736842105 0.3527960526315789 0.078125 0.10855263157894737
2 0.6924342105263158 0.4868421052631579 0.046052631578947366 0.1069078947368421
4 0.5641447368421053 0.31085526315789475 0.06825657894736842 0.0756578947368421
2 0.9103618421052632 0.8412828947368421 0.09868421052631579 0.21134868421052633
3 0.3338815789473684 0.6208881578947368 0.038651315789473686 0.11842105263157894
2 0.7705592105263158 0.8174342105263158 0.10608552631578948 0.22532894736842105