1 0.40460526315789475 0.5139802631578947 0.033717105263157895 0.10444078947368421
1 0.4317434210526316 0.4613486842105263 0.02631578947368421 0.09539473684210527
4 0.5238486842105263 0.4152960526315789 0.0756578947368421 0.09786184210526316
4 0.5345394736842105 0.328125 0.05674342105263158 0.07730263157894737
4 0.6299342105263158 0.42351973684210525 0.09375 0.10115131578947369
4 0.8766447368421053 0.5148026315789473 0.15378289473684212 0.15460526315789475
4 0.45148026315789475 0.30838815789473684 0.04194078947368421 0.06743421052631579
4 0.6398026315789473 0.3511513157894737 0.08141447368421052 0.07976973684210527
2 0.8511513157894737 0.5995065789473685 0.05180921052631579 0.1356907894736842
4 0.9120065789473685 0.899671052631579 0.17434210526315788 0.18421052631578946
4 0.9671052631578947 0.7886513157894737 0.06414473684210527 0.14144736842105263