1 0.4292763157894737 0.8741776315789473 0.06825657894736842 0.20065789473684212
4 0.24342105263157895 0.5304276315789473 0.15789473684210525 0.18585526315789475
4 0.36019736842105265 0.5518092105263158 0.14720394736842105 0.18421052631578946
4 0.4498355263157895 0.34539473684210525 0.06578947368421052 0.08305921052631579
4 0.3774671052631579 0.3347039473684211 0.07401315789473684 0.0805921052631579
4 0.5238486842105263 0.4810855263157895 0.08552631578947369 0.12006578947368421
4 0.15871710526315788 0.45148026315789475 0.20230263157894737 0.2837171052631579
4 0.10444078947368421 0.5074013157894737 0.11019736842105263 0.17269736842105263
2 0.3807565789473684 0.43585526315789475 0.03700657894736842 0.07401315789473684
3 0.6480263157894737 0.7508223684210527 0.038651315789473686 0.14720394736842105
3 0.6751644736842105 0.5970394736842105 0.029605263157894735 0.1118421052631579