1 0.4934210526315789 0.6776315789473685 0.04111842105263158 0.16940789473684212
4 0.7162828947368421 0.5008223684210527 0.12746710526315788 0.13733552631578946
4 0.5032894736842105 0.30838815789473684 0.05180921052631579 0.06990131578947369
4 0.7828947368421053 0.4350328947368421 0.12582236842105263 0.14720394736842105
4 0.5764802631578947 0.3675986842105263 0.078125 0.0912828947368421
2 0.6973684210526315 0.7088815789473685 0.06825657894736842 0.17598684210526316
4 0.9613486842105263 0.7417763157894737 0.07483552631578948 0.2450657894736842
4 0.6060855263157895 0.32976973684210525 0.0649671052631579 0.06743421052631579
2 0.8445723684210527 0.7376644736842105 0.07072368421052631 0.17598684210526316
4 0.42598684210526316 0.28207236842105265 0.032072368421052634 0.05016447368421053
3 0.3675986842105263 0.759046052631579 0.04029605263157895 0.1455592105263158
3 0.3199013157894737 0.5254934210526315 0.023848684210526317 0.10279605263157894
3 0.5148026315789473 0.3848684210526316 0.024671052631578948 0.06414473684210527