1 0.5501644736842105 0.7146381578947368 0.05921052631578947 0.15460526315789475
4 0.75 0.5320723684210527 0.15707236842105263 0.15871710526315788
4 0.7310855263157895 0.4095394736842105 0.1356907894736842 0.109375
4 0.5164473684210527 0.31167763157894735 0.04276315789473684 0.07976973684210527
4 0.5707236842105263 0.31332236842105265 0.061677631578947366 0.06907894736842106
4 0.4284539473684211 0.33963815789473684 0.05016447368421053 0.07319078947368421
4 0.5797697368421053 0.3873355263157895 0.08881578947368421 0.08634868421052631
4 0.5131578947368421 0.2935855263157895 0.04276315789473684 0.08717105263157894
4 0.4564144736842105 0.30756578947368424 0.04358552631578947 0.06578947368421052
4 0.9769736842105263 0.631578947368421 0.04358552631578947 0.1299342105263158
2 0.537828947368421 0.4136513157894737 0.03700657894736842 0.08552631578947369