1 0.4720394736842105 0.4909539473684211 0.03700657894736842 0.1299342105263158
4 0.6365131578947368 0.5567434210526315 0.15460526315789475 0.19983552631578946
4 0.49588815789473684 0.3717105263157895 0.06332236842105263 0.09457236842105263
4 0.5822368421052632 0.3626644736842105 0.08223684210526316 0.10279605263157894
2 0.7771381578947368 0.5287828947368421 0.047697368421052634 0.12335526315789473
2 0.8667763157894737 0.7401315789473685 0.07319078947368421 0.19161184210526316
4 0.46710526315789475 0.2722039473684211 0.03700657894736842 0.05756578947368421
3 0.37993421052631576 0.649671052631579 0.038651315789473686 0.14309210526315788
3 0.359375 0.615953947368421 0.029605263157894735 0.12828947368421054
3 0.421875 0.9210526315789473 0.060032894736842105 0.15707236842105263
2 0.7508223684210527 0.421875 0.046052631578947366 0.09539473684210527