1 0.43914473684210525 0.4506578947368421 0.028782894736842105 0.09292763157894737
4 0.6167763157894737 0.5287828947368421 0.12911184210526316 0.16365131578947367
4 0.555921052631579 0.3527960526315789 0.06414473684210527 0.07976973684210527
4 0.7245065789473685 0.5148026315789473 0.14473684210526316 0.1513157894736842
4 0.8404605263157895 0.48848684210526316 0.15296052631578946 0.14967105263157895
4 0.42598684210526316 0.3651315789473684 0.04851973684210526 0.07154605263157894
4 0.48601973684210525 0.3519736842105263 0.060032894736842105 0.08470394736842106
4 0.48355263157894735 0.2935855263157895 0.04029605263157895 0.061677631578947366
4 0.6069078947368421 0.31414473684210525 0.09292763157894737 0.11759868421052631
4 0.8741776315789473 0.40460526315789475 0.25082236842105265 0.23684210526315788
3 0.32976973684210525 0.678453947368421 0.03536184210526316 0.12335526315789473