1 0.5197368421052632 0.6858552631578947 0.054276315789473686 0.17105263157894737
4 0.5567434210526315 0.31414473684210525 0.05345394736842105 0.07483552631578948
4 0.33223684210526316 0.5748355263157895 0.16282894736842105 0.20230263157894737
2 0.18338815789473684 0.9021381578947368 0.10279605263157894 0.17598684210526316
4 0.21052631578947367 0.4597039473684211 0.12828947368421054 0.14226973684210525
4 0.3832236842105263 0.41118421052631576 0.08552631578947369 0.10773026315789473
4 0.4909539473684211 0.38569078947368424 0.07648026315789473 0.09292763157894737
4 0.4449013157894737 0.3470394736842105 0.0649671052631579 0.07894736842105263
2 0.20476973684210525 0.5838815789473685 0.06825657894736842 0.1356907894736842
4 0.5230263157894737 0.2911184210526316 0.04111842105263158 0.06661184210526316
4 0.37088815789473684 0.3470394736842105 0.07648026315789473 0.0805921052631579
3 0.5189144736842105 0.6891447368421053 0.039473684210526314 0.16282894736842105