1 0.4786184210526316 0.696546052631579 0.039473684210526314 0.15789473684210525
4 0.787828947368421 0.5723684210526315 0.16611842105263158 0.17763157894736842
4 0.6348684210526315 0.3511513157894737 0.09375 0.08963815789473684
4 0.875 0.5139802631578947 0.15871710526315788 0.16282894736842105
4 0.53125 0.3305921052631579 0.05921052631578947 0.078125
4 0.5435855263157895 0.4251644736842105 0.08552631578947369 0.1069078947368421
4 0.4629934210526316 0.3067434210526316 0.046875 0.08305921052631579
2 0.6398026315789473 0.615953947368421 0.05921052631578947 0.19325657894736842
2 0.8758223684210527 0.8421052631578947 0.08799342105263158 0.22203947368421054
2 0.7162828947368421 0.4498355263157895 0.04358552631578947 0.09046052631578948
2 0.6365131578947368 0.42269736842105265 0.04276315789473684 0.08634868421052631
3 0.3256578947368421 0.5822368421052632 0.03782894736842105 0.1069078947368421