1 0.4136513157894737 0.38980263157894735 0.023026315789473683 0.0805921052631579
4 0.5197368421052632 0.40707236842105265 0.0756578947368421 0.09457236842105263
4 0.6052631578947368 0.3988486842105263 0.08799342105263158 0.0962171052631579
4 0.8930921052631579 0.7393092105263158 0.21217105263157895 0.2993421052631579
4 0.6850328947368421 0.3001644736842105 0.17269736842105263 0.15460526315789475
4 0.5115131578947368 0.31167763157894735 0.046875 0.06907894736842106
4 0.4588815789473684 0.3092105263157895 0.04358552631578947 0.07730263157894737
4 0.5567434210526315 0.2845394736842105 0.06661184210526316 0.10032894736842106
4 0.4613486842105263 0.2894736842105263 0.038651315789473686 0.08634868421052631
3 0.3223684210526316 0.3527960526315789 0.018914473684210526 0.06085526315789474
3 0.33223684210526316 0.740953947368421 0.05345394736842105 0.13815789473684212
4 0.7014802631578947 0.3963815789473684 0.09950657894736842 0.09292763157894737