1 0.5254934210526315 0.6858552631578947 0.0649671052631579 0.16036184210526316
1 0.5148026315789473 0.5731907894736842 0.03125 0.12911184210526316
4 0.31167763157894735 0.46381578947368424 0.12746710526315788 0.14802631578947367
4 0.24917763157894737 0.6924342105263158 0.21628289473684212 0.29523026315789475
4 0.4975328947368421 0.4498355263157895 0.08388157894736842 0.109375
4 0.4087171052631579 0.375 0.0649671052631579 0.08470394736842106
4 0.48273026315789475 0.3067434210526316 0.05098684210526316 0.07483552631578948
4 0.23026315789473684 0.42023026315789475 0.1455592105263158 0.16940789473684212
2 0.13898026315789475 0.6241776315789473 0.0649671052631579 0.14226973684210525
4 0.571546052631579 0.28618421052631576 0.03700657894736842 0.05592105263157895
4 0.6677631578947368 0.2779605263157895 0.03618421052631579 0.06085526315789474
4 0.5411184210526315 0.2565789473684211 0.03618421052631579 0.05592105263157895
3 0.5649671052631579 0.930921052631579 0.07072368421052631 0.11759868421052631