1 0.4720394736842105 0.8240131578947368 0.07154605263157894 0.1924342105263158
4 0.3881578947368421 0.5353618421052632 0.1225328947368421 0.14226973684210525
4 0.40625 0.3675986842105263 0.08881578947368421 0.11595394736842106
4 0.17845394736842105 0.5748355263157895 0.17845394736842105 0.23766447368421054
4 0.4819078947368421 0.31414473684210525 0.05016447368421053 0.07319078947368421
4 0.28289473684210525 0.40707236842105265 0.10279605263157894 0.10608552631578948
4 0.4876644736842105 0.39555921052631576 0.07236842105263158 0.09868421052631579
4 0.5723684210526315 0.28536184210526316 0.038651315789473686 0.06085526315789474
2 0.3207236842105263 0.8199013157894737 0.07648026315789473 0.171875
4 0.5427631578947368 0.3190789473684211 0.04111842105263158 0.07236842105263158
4 0.10032894736842106 0.868421052631579 0.19901315789473684 0.26069078947368424
3 0.6735197368421053 0.4621710526315789 0.024671052631578948 0.08552631578947369