1 0.4967105263157895 0.5855263157894737 0.04358552631578947 0.14226973684210525
1 0.5633223684210527 0.5074013157894737 0.03453947368421053 0.11842105263157894
4 0.4473684210526316 0.33963815789473684 0.0625 0.07976973684210527
4 0.3404605263157895 0.37006578947368424 0.0912828947368421 0.0962171052631579
4 0.3618421052631579 0.5131578947368421 0.1225328947368421 0.14391447368421054
4 0.5370065789473685 0.42023026315789475 0.06907894736842106 0.09210526315789473
2 0.2689144736842105 0.4588815789473684 0.049342105263157895 0.10608552631578948
4 0.06907894736842106 0.6233552631578947 0.13651315789473684 0.21463815789473684
4 0.5995065789473685 0.34292763157894735 0.06743421052631579 0.06907894736842106
4 0.5032894736842105 0.3026315789473684 0.03782894736842105 0.06332236842105263
4 0.5542763157894737 0.2902960526315789 0.038651315789473686 0.06825657894736842
2 0.46710526315789475 0.41694078947368424 0.028782894736842105 0.09703947368421052
3 0.6595394736842105 0.53125 0.03289473684210526 0.10279605263157894
3 0.6620065789473685 0.7319078947368421 0.060032894736842105 0.14720394736842105
2 0.2837171052631579 0.4720394736842105 0.04111842105263158 0.10608552631578948