1 0.5633223684210527 0.8601973684210527 0.054276315789473686 0.17845394736842105
4 0.7401315789473685 0.46710526315789475 0.14391447368421054 0.171875
2 0.78125 0.8758223684210527 0.0805921052631579 0.22121710526315788
2 0.8495065789473685 0.7508223684210527 0.07483552631578948 0.18338815789473684
4 0.578125 0.3157894736842105 0.060032894736842105 0.07730263157894737
2 0.6217105263157895 0.5337171052631579 0.04851973684210526 0.11924342105263158
4 0.4712171052631579 0.3363486842105263 0.04851973684210526 0.06743421052631579
2 0.7425986842105263 0.6077302631578947 0.055098684210526314 0.15378289473684212
4 0.5082236842105263 0.31085526315789475 0.04523026315789474 0.05345394736842105
1 0.4243421052631579 0.4375 0.03125 0.09046052631578948
2 0.6595394736842105 0.49917763157894735 0.033717105263157895 0.12088815789473684