1 0.4029605263157895 0.4654605263157895 0.033717105263157895 0.11019736842105263
4 0.7623355263157895 0.7360197368421053 0.21134868421052633 0.2738486842105263
4 0.5485197368421053 0.44161184210526316 0.09375 0.13075657894736842
4 0.6175986842105263 0.4029605263157895 0.09457236842105263 0.11595394736842106
4 0.8486842105263158 0.5 0.14802631578947367 0.13486842105263158
4 0.8404605263157895 0.6118421052631579 0.1875 0.20476973684210525
4 0.569078947368421 0.3026315789473684 0.06990131578947369 0.08552631578947369
4 0.49917763157894735 0.34786184210526316 0.060032894736842105 0.0912828947368421
4 0.45148026315789475 0.3215460526315789 0.039473684210526314 0.06332236842105263
4 0.5115131578947368 0.3223684210526316 0.04358552631578947 0.07154605263157894
4 0.4300986842105263 0.28042763157894735 0.03125 0.05345394736842105
4 0.4769736842105263 0.2902960526315789 0.032072368421052634 0.05838815789473684
4 0.6685855263157895 0.3675986842105263 0.08717105263157894 0.08141447368421052
3 0.3675986842105263 0.8708881578947368 0.05674342105263158 0.18174342105263158
3 0.3519736842105263 0.5970394736842105 0.03042763157894737 0.12088815789473684