1 0.47286184210526316 0.4276315789473684 0.04029605263157895 0.10032894736842106
4 0.678453947368421 0.6126644736842105 0.17927631578947367 0.25
4 0.7105263157894737 0.4564144736842105 0.14473684210526316 0.15378289473684212
4 0.44819078947368424 0.31167763157894735 0.03700657894736842 0.061677631578947366
4 0.5657894736842105 0.3125 0.06578947368421052 0.0962171052631579
4 0.5575657894736842 0.33881578947368424 0.07319078947368421 0.10032894736842106
2 0.6537828947368421 0.7705592105263158 0.0649671052631579 0.1924342105263158
2 0.5139802631578947 0.3963815789473684 0.03289473684210526 0.09539473684210527
4 0.5098684210526315 0.31332236842105265 0.04276315789473684 0.05838815789473684
3 0.328125 0.5106907894736842 0.02549342105263158 0.08963815789473684
2 0.9481907894736842 0.7516447368421053 0.10279605263157894 0.16036184210526316