1 0.42105263157894735 0.43832236842105265 0.027960526315789474 0.10279605263157894
4 0.7113486842105263 0.4942434210526316 0.12746710526315788 0.14226973684210525
4 0.7491776315789473 0.43338815789473684 0.12582236842105263 0.12417763157894737
4 0.9629934210526315 0.7845394736842105 0.07236842105263158 0.2080592105263158
2 0.8429276315789473 0.772203947368421 0.07072368421052631 0.18174342105263158
2 0.5921052631578947 0.4161184210526316 0.038651315789473686 0.09457236842105263
4 0.537828947368421 0.32894736842105265 0.06661184210526316 0.08552631578947369
4 0.5748355263157895 0.3092105263157895 0.046052631578947366 0.06661184210526316
3 0.3412828947368421 0.6850328947368421 0.04523026315789474 0.14720394736842105
2 0.647203947368421 0.5435855263157895 0.05674342105263158 0.12417763157894737
2 0.571546052631579 0.4654605263157895 0.03700657894736842 0.09457236842105263
2 0.9070723684210527 0.5476973684210527 0.07319078947368421 0.13486842105263158