1 0.5740131578947368 0.7582236842105263 0.0649671052631579 0.1875
1 0.4917763157894737 0.5888157894736842 0.05838815789473684 0.13733552631578946
4 0.7154605263157895 0.6513157894736842 0.17269736842105263 0.21546052631578946
4 0.928453947368421 0.5764802631578947 0.14144736842105263 0.203125
4 0.5205592105263158 0.37582236842105265 0.06414473684210527 0.08305921052631579
4 0.537828947368421 0.28536184210526316 0.044407894736842105 0.07154605263157894
2 0.7179276315789473 0.49588815789473684 0.05016447368421053 0.109375
4 0.44819078947368424 0.25 0.03125 0.047697368421052634
3 0.3832236842105263 0.9391447368421053 0.0756578947368421 0.11924342105263158
3 0.4284539473684211 0.9046052631578947 0.05180921052631579 0.1455592105263158
3 0.34375 0.609375 0.046052631578947366 0.12335526315789473