1 0.5460526315789473 0.5180921052631579 0.033717105263157895 0.13404605263157895
4 0.375 0.4967105263157895 0.15789473684210525 0.2138157894736842
4 0.2837171052631579 0.4777960526315789 0.12006578947368421 0.14638157894736842
4 0.5032894736842105 0.3774671052631579 0.06085526315789474 0.0756578947368421
4 0.4317434210526316 0.3560855263157895 0.07401315789473684 0.09292763157894737
4 0.29605263157894735 0.3996710526315789 0.11677631578947369 0.1118421052631579
4 0.5542763157894737 0.2902960526315789 0.039473684210526314 0.0912828947368421
4 0.49835526315789475 0.3001644736842105 0.04111842105263158 0.06578947368421052
4 0.37911184210526316 0.28207236842105265 0.1069078947368421 0.11513157894736842
2 0.41776315789473684 0.8799342105263158 0.07730263157894737 0.22039473684210525
3 0.6899671052631579 0.6759868421052632 0.03289473684210526 0.13486842105263158
2 0.19161184210526316 0.8651315789473685 0.09210526315789473 0.20394736842105263