1 0.4407894736842105 0.5164473684210527 0.03289473684210526 0.11513157894736842
4 0.881578947368421 0.5263157894736842 0.15213815789473684 0.16858552631578946
4 0.5600328947368421 0.34210526315789475 0.07072368421052631 0.0912828947368421
4 0.40707236842105265 0.37417763157894735 0.047697368421052634 0.07154605263157894
4 0.6776315789473685 0.36101973684210525 0.10444078947368421 0.11842105263157894
2 0.7302631578947368 0.4934210526315789 0.05016447368421053 0.10608552631578948
4 0.4745065789473684 0.3363486842105263 0.05345394736842105 0.08470394736842106
2 0.9457236842105263 0.6833881578947368 0.078125 0.15871710526315788
2 0.6521381578947368 0.7319078947368421 0.06907894736842106 0.19078947368421054
3 0.359375 0.509046052631579 0.027960526315789474 0.10608552631578948
3 0.30838815789473684 0.6143092105263158 0.027960526315789474 0.12088815789473684
3 0.40213815789473684 0.8289473684210527 0.04358552631578947 0.15789473684210525