1 0.40625 0.4967105263157895 0.03700657894736842 0.11595394736842106
1 0.5427631578947368 0.8700657894736842 0.06743421052631579 0.19736842105263158
4 0.881578947368421 0.524671052631579 0.1611842105263158 0.18092105263157895
4 0.727796052631579 0.515625 0.13898026315789475 0.16940789473684212
4 0.7129934210526315 0.3873355263157895 0.10608552631578948 0.11430921052631579
4 0.59375 0.37335526315789475 0.08881578947368421 0.10197368421052631
2 0.65625 0.647203947368421 0.061677631578947366 0.18421052631578946
4 0.49506578947368424 0.3503289473684211 0.05345394736842105 0.07319078947368421
4 0.4786184210526316 0.28289473684210525 0.03700657894736842 0.049342105263157895
4 0.5682565789473685 0.31332236842105265 0.0625 0.0756578947368421
3 0.3363486842105263 0.587171052631579 0.029605263157894735 0.11924342105263158
3 0.30756578947368424 0.6726973684210527 0.03453947368421053 0.12828947368421054