1 0.48848684210526316 0.7557565789473685 0.06414473684210527 0.17845394736842105
4 0.7574013157894737 0.5254934210526315 0.14473684210526316 0.16858552631578946
4 0.48601973684210525 0.5008223684210527 0.08634868421052631 0.1299342105263158
4 0.5748355263157895 0.45805921052631576 0.11101973684210527 0.14226973684210525
4 0.6916118421052632 0.3815789473684211 0.09292763157894737 0.10032894736842106
4 0.6225328947368421 0.3963815789473684 0.10032894736842106 0.109375
4 0.9300986842105263 0.7195723684210527 0.13898026315789475 0.3404605263157895
4 0.8421052631578947 0.48519736842105265 0.15378289473684212 0.18092105263157895
4 0.4917763157894737 0.37088815789473684 0.060032894736842105 0.09457236842105263
4 0.40707236842105265 0.3001644736842105 0.03700657894736842 0.07154605263157894
4 0.4777960526315789 0.31085526315789475 0.05345394736842105 0.07236842105263158
3 0.3363486842105263 0.5863486842105263 0.033717105263157895 0.11348684210526316
3 0.421875 0.4777960526315789 0.024671052631578948 0.09457236842105263