1 0.45148026315789475 0.4498355263157895 0.028782894736842105 0.109375
4 0.6759868421052632 0.4613486842105263 0.12664473684210525 0.13486842105263158
4 0.9350328947368421 0.5625 0.12664473684210525 0.17845394736842105
4 0.709703947368421 0.3939144736842105 0.10526315789473684 0.10608552631578948
4 0.5501644736842105 0.328125 0.07730263157894737 0.09457236842105263
4 0.4810855263157895 0.2902960526315789 0.039473684210526314 0.05838815789473684
4 0.9481907894736842 0.7532894736842105 0.10197368421052631 0.2393092105263158
4 0.4276315789473684 0.28289473684210525 0.033717105263157895 0.06414473684210527
3 0.39473684210526316 0.7442434210526315 0.047697368421052634 0.16529605263157895
3 0.33881578947368424 0.6603618421052632 0.03453947368421053 0.12828947368421054
2 0.5435855263157895 0.4284539473684211 0.03700657894736842 0.09457236842105263