1 0.6274671052631579 0.9457236842105263 0.08223684210526316 0.1069078947368421
1 0.5452302631578947 0.8470394736842105 0.08552631578947369 0.18914473684210525
0 0.49506578947368424 0.7236842105263158 0.05098684210526316 0.16611842105263158
1 0.4629934210526316 0.6069078947368421 0.04523026315789474 0.14309210526315788
4 0.59375 0.4868421052631579 0.125 0.16529605263157895
4 0.8355263157894737 0.8166118421052632 0.22779605263157895 0.3248355263157895
4 0.6052631578947368 0.39555921052631576 0.0912828947368421 0.0912828947368421
4 0.5024671052631579 0.30756578947368424 0.04851973684210526 0.061677631578947366
4 0.5789473684210527 0.31661184210526316 0.05674342105263158 0.07154605263157894
4 0.4432565789473684 0.25493421052631576 0.046052631578947366 0.0805921052631579
4 0.5337171052631579 0.28125 0.047697368421052634 0.055098684210526314