1 0.48026315789473684 0.6825657894736842 0.046052631578947366 0.14884868421052633
4 0.8725328947368421 0.5016447368421053 0.15789473684210525 0.1825657894736842
4 0.6521381578947368 0.4375 0.1225328947368421 0.13075657894736842
4 0.5764802631578947 0.4769736842105263 0.09868421052631579 0.11513157894736842
4 0.5361842105263158 0.33963815789473684 0.06661184210526316 0.08634868421052631
2 0.9268092105263158 0.7179276315789473 0.08388157894736842 0.1669407894736842
4 0.640625 0.35444078947368424 0.09292763157894737 0.09210526315789473
4 0.46792763157894735 0.3379934210526316 0.049342105263157895 0.06661184210526316
3 0.41036184210526316 0.8009868421052632 0.04851973684210526 0.18832236842105263
3 0.3519736842105263 0.7154605263157895 0.04029605263157895 0.14226973684210525
3 0.42598684210526316 0.9416118421052632 0.0756578947368421 0.11513157894736842
3 0.3050986842105263 0.6907894736842105 0.03125 0.17516447368421054
3 0.4087171052631579 0.647203947368421 0.032072368421052634 0.1118421052631579