1 0.47944078947368424 0.6677631578947368 0.060032894736842105 0.14144736842105263
4 0.5328947368421053 0.5008223684210527 0.109375 0.14144736842105263
4 0.6825657894736842 0.5921052631578947 0.13980263157894737 0.17763157894736842
4 0.7574013157894737 0.5263157894736842 0.13651315789473684 0.14967105263157895
4 0.4309210526315789 0.37088815789473684 0.055098684210526314 0.09292763157894737
4 0.5879934210526315 0.3651315789473684 0.07648026315789473 0.09703947368421052
4 0.881578947368421 0.8462171052631579 0.22615131578947367 0.3001644736842105
4 0.5296052631578947 0.4185855263157895 0.08470394736842106 0.109375
4 0.9235197368421053 0.5789473684210527 0.14967105263157895 0.171875
4 0.4712171052631579 0.33881578947368424 0.04851973684210526 0.06743421052631579
4 0.7425986842105263 0.4194078947368421 0.11677631578947369 0.11430921052631579
2 0.640625 0.4555921052631579 0.04851973684210526 0.11019736842105263
4 0.9457236842105263 0.756578947368421 0.10361842105263158 0.21217105263157895
4 0.5057565789473685 0.3026315789473684 0.04851973684210526 0.07154605263157894
4 0.4457236842105263 0.3059210526315789 0.03618421052631579 0.07730263157894737