0 0.48930921052631576 0.6356907894736842 0.046052631578947366 0.14884868421052633
4 0.4810855263157895 0.43256578947368424 0.0756578947368421 0.10361842105263158
4 0.6694078947368421 0.5526315789473685 0.18503289473684212 0.23766447368421054
4 0.7286184210526315 0.4095394736842105 0.1299342105263158 0.12582236842105263
4 0.696546052631579 0.45805921052631576 0.11595394736842106 0.13404605263157895
4 0.5863486842105263 0.3314144736842105 0.09292763157894737 0.10773026315789473
4 0.5773026315789473 0.37582236842105265 0.07236842105263158 0.09786184210526316
4 0.6990131578947368 0.8445723684210527 0.2450657894736842 0.3059210526315789
4 0.4761513157894737 0.328125 0.04851973684210526 0.06578947368421052
2 0.42680921052631576 0.37417763157894735 0.022203947368421052 0.06414473684210527
2 0.5542763157894737 0.3996710526315789 0.03536184210526316 0.07894736842105263