1 0.49917763157894735 0.9013157894736842 0.07401315789473684 0.19490131578947367
4 0.7129934210526315 0.6529605263157895 0.23273026315789475 0.26069078947368424
4 0.6842105263157895 0.45476973684210525 0.1225328947368421 0.13651315789473684
4 0.53125 0.40460526315789475 0.07648026315789473 0.10773026315789473
4 0.5756578947368421 0.34457236842105265 0.06578947368421052 0.08552631578947369
4 0.7623355263157895 0.41694078947368424 0.1225328947368421 0.13240131578947367
4 0.4621710526315789 0.3190789473684211 0.04358552631578947 0.07483552631578948
4 0.9407894736842105 0.7269736842105263 0.11677631578947369 0.29605263157894735
2 0.4942434210526316 0.46463815789473684 0.04029605263157895 0.08717105263157894
4 0.7072368421052632 0.9013157894736842 0.23684210526315788 0.19654605263157895
2 0.48273026315789475 0.6735197368421053 0.049342105263157895 0.13980263157894737