1 0.5180921052631579 0.6800986842105263 0.04851973684210526 0.14802631578947367
4 0.6513157894736842 0.5953947368421053 0.14473684210526316 0.1875
4 0.46381578947368424 0.47286184210526316 0.08223684210526316 0.11759868421052631
4 0.8445723684210527 0.6151315789473685 0.20065789473684212 0.25493421052631576
4 0.5805921052631579 0.37088815789473684 0.078125 0.09210526315789473
4 0.49917763157894735 0.3659539473684211 0.06414473684210527 0.09210526315789473
4 0.9292763157894737 0.5657894736842105 0.13980263157894737 0.21134868421052633
4 0.6866776315789473 0.38569078947368424 0.09292763157894737 0.0912828947368421
4 0.4309210526315789 0.3347039473684211 0.047697368421052634 0.06825657894736842
4 0.5238486842105263 0.3215460526315789 0.04276315789473684 0.078125
2 0.9251644736842105 0.8675986842105263 0.10115131578947369 0.23190789473684212
3 0.3256578947368421 0.45394736842105265 0.023026315789473683 0.1069078947368421