1 0.569078947368421 0.4300986842105263 0.03700657894736842 0.10032894736842106
1 0.5608552631578947 0.5814144736842105 0.04276315789473684 0.13240131578947367
4 0.3807565789473684 0.5296052631578947 0.11266447368421052 0.14884868421052633
4 0.4769736842105263 0.37993421052631576 0.07072368421052631 0.0912828947368421
4 0.4564144736842105 0.31167763157894735 0.060032894736842105 0.07236842105263158
2 0.2911184210526316 0.774671052631579 0.07401315789473684 0.18421052631578946
2 0.39473684210526316 0.3840460526315789 0.03125 0.08141447368421052
2 0.08963815789473684 0.5773026315789473 0.054276315789473686 0.12582236842105263
2 0.054276315789473686 0.8486842105263158 0.08717105263157894 0.19407894736842105
3 0.6611842105263158 0.5608552631578947 0.03125 0.11348684210526316
3 0.6981907894736842 0.5575657894736842 0.023848684210526317 0.09457236842105263