1 0.5427631578947368 0.7648026315789473 0.06661184210526316 0.18914473684210525
4 0.7730263157894737 0.5271381578947368 0.15213815789473684 0.15707236842105263
4 0.5238486842105263 0.41118421052631576 0.07483552631578948 0.09457236842105263
4 0.4292763157894737 0.3034539473684211 0.04111842105263158 0.05838815789473684
4 0.631578947368421 0.3495065789473684 0.07072368421052631 0.0756578947368421
2 0.7639802631578947 0.6735197368421053 0.060032894736842105 0.15871710526315788
4 0.7837171052631579 0.4654605263157895 0.12911184210526316 0.12828947368421054
4 0.5386513157894737 0.2845394736842105 0.04851973684210526 0.06085526315789474
4 0.4876644736842105 0.31085526315789475 0.049342105263157895 0.08305921052631579
4 0.4473684210526316 0.24753289473684212 0.03289473684210526 0.05263157894736842
3 0.36348684210526316 0.7138157894736842 0.038651315789473686 0.12911184210526316