1 0.6118421052631579 0.743421052631579 0.0649671052631579 0.15460526315789475
1 0.41776315789473684 0.537828947368421 0.03289473684210526 0.11759868421052631
1 0.4432565789473684 0.4901315789473684 0.029605263157894735 0.10773026315789473
4 0.7162828947368421 0.40213815789473684 0.11101973684210527 0.11924342105263158
4 0.5641447368421053 0.3404605263157895 0.08634868421052631 0.10855263157894737
4 0.6118421052631579 0.5074013157894737 0.12664473684210525 0.16365131578947367
4 0.5139802631578947 0.40131578947368424 0.07648026315789473 0.09046052631578948
4 0.90625 0.8478618421052632 0.18174342105263158 0.27960526315789475
2 0.6101973684210527 0.7582236842105263 0.0625 0.18009868421052633
4 0.4613486842105263 0.28536184210526316 0.04276315789473684 0.07319078947368421
4 0.4350328947368421 0.3873355263157895 0.054276315789473686 0.08470394736842106
4 0.6504934210526315 0.9111842105263158 0.16776315789473684 0.15378289473684212
2 0.6792763157894737 0.4588815789473684 0.04194078947368421 0.10197368421052631
3 0.4440789473684211 0.9169407894736842 0.05674342105263158 0.14967105263157895