1 0.6019736842105263 0.9210526315789473 0.0756578947368421 0.15707236842105263
4 0.7574013157894737 0.694078947368421 0.23601973684210525 0.33881578947368424
4 0.8610197368421053 0.509046052631579 0.18009868421052633 0.171875
4 0.6324013157894737 0.3503289473684211 0.07236842105263158 0.08141447368421052
4 0.6373355263157895 0.4292763157894737 0.09375 0.10279605263157894
2 0.9375 0.6899671052631579 0.07648026315789473 0.15296052631578946
4 0.48355263157894735 0.2935855263157895 0.04194078947368421 0.07236842105263158
2 0.7730263157894737 0.53125 0.05756578947368421 0.12171052631578948
3 0.3519736842105263 0.6751644736842105 0.032072368421052634 0.13404605263157895
3 0.3034539473684211 0.5542763157894737 0.02055921052631579 0.08963815789473684
2 0.6348684210526315 0.49588815789473684 0.04523026315789474 0.12088815789473684