1 0.4769736842105263 0.703125 0.05674342105263158 0.17269736842105263
1 0.4144736842105263 0.9161184210526315 0.07648026315789473 0.16611842105263158
2 0.26644736842105265 0.4712171052631579 0.04029605263157895 0.10032894736842106
4 0.3717105263157895 0.3412828947368421 0.06907894736842106 0.06743421052631579
4 0.42680921052631576 0.3626644736842105 0.06825657894736842 0.07894736842105263
4 0.5205592105263158 0.2886513157894737 0.03782894736842105 0.05756578947368421
2 0.16447368421052633 0.7763157894736842 0.08223684210526316 0.18421052631578946
2 0.14226973684210525 0.6011513157894737 0.05592105263157895 0.1356907894736842
4 0.04111842105263158 0.615953947368421 0.07976973684210527 0.13486842105263158
3 0.5953947368421053 0.897203947368421 0.04851973684210526 0.17105263157894737
3 0.6644736842105263 0.5476973684210527 0.029605263157894735 0.09786184210526316
2 0.23848684210526316 0.4317434210526316 0.04358552631578947 0.09786184210526316
2 0.34539473684210525 0.4440789473684211 0.047697368421052634 0.10361842105263158