1 0.4819078947368421 0.5879934210526315 0.046875 0.15707236842105263
1 0.4399671052631579 0.46792763157894735 0.03782894736842105 0.1118421052631579
4 0.6044407894736842 0.5328947368421053 0.12088815789473684 0.1455592105263158
4 0.834703947368421 0.6430921052631579 0.20723684210526316 0.25164473684210525
4 0.6175986842105263 0.4350328947368421 0.09375 0.1069078947368421
4 0.5337171052631579 0.28207236842105265 0.049342105263157895 0.0625
4 0.9169407894736842 0.553453947368421 0.16529605263157895 0.18667763157894737
4 0.6126644736842105 0.3363486842105263 0.07319078947368421 0.0756578947368421
4 0.506578947368421 0.30756578947368424 0.04851973684210526 0.0625
2 0.359375 0.584703947368421 0.039473684210526314 0.10855263157894737
3 0.3248355263157895 0.5213815789473685 0.023848684210526317 0.0962171052631579
3 0.36019736842105265 0.5830592105263158 0.03782894736842105 0.1069078947368421