1 0.5953947368421053 0.46463815789473684 0.033717105263157895 0.09539473684210527
4 0.5205592105263158 0.5 0.09950657894736842 0.13240131578947367
4 0.0756578947368421 0.569078947368421 0.14967105263157895 0.18009868421052633
4 0.22121710526315788 0.7171052631578947 0.22450657894736842 0.31167763157894735
4 0.45148026315789475 0.4161184210526316 0.08388157894736842 0.0912828947368421
4 0.48848684210526316 0.3536184210526316 0.05345394736842105 0.07894736842105263
4 0.5773026315789473 0.3371710526315789 0.039473684210526314 0.06661184210526316
4 0.038651315789473686 0.7680921052631579 0.07483552631578948 0.20559210526315788
4 0.21957236842105263 0.5304276315789473 0.16282894736842105 0.1768092105263158
2 0.390625 0.5863486842105263 0.04358552631578947 0.14802631578947367
4 0.5008223684210527 0.3215460526315789 0.05263157894736842 0.07976973684210527
2 0.30838815789473684 0.43338815789473684 0.04851973684210526 0.09703947368421052
3 0.671875 0.5625 0.02631578947368421 0.10608552631578948
2 0.4037828947368421 0.509046052631579 0.04523026315789474 0.11759868421052631
2 0.2730263157894737 0.4128289473684211 0.04111842105263158 0.0962171052631579