1 0.43832236842105265 0.5748355263157895 0.03782894736842105 0.10773026315789473
1 0.42105263157894735 0.49588815789473684 0.03125 0.09539473684210527
0 0.5115131578947368 0.7944078947368421 0.07730263157894737 0.16447368421052633
4 0.6842105263157895 0.5485197368421053 0.3527960526315789 0.4144736842105263
4 0.5452302631578947 0.6636513157894737 0.1513157894736842 0.22697368421052633
4 0.41118421052631576 0.27631578947368424 0.04276315789473684 0.05263157894736842
4 0.7730263157894737 0.4432565789473684 0.15049342105263158 0.140625
4 0.43914473684210525 0.34539473684210525 0.04851973684210526 0.08141447368421052
4 0.48848684210526316 0.28618421052631576 0.04276315789473684 0.06743421052631579
3 0.38569078947368424 0.8741776315789473 0.05756578947368421 0.17105263157894737
3 0.33881578947368424 0.48355263157894735 0.02055921052631579 0.10608552631578948