1 0.44901315789473684 0.5945723684210527 0.04358552631578947 0.12911184210526316
1 0.46381578947368424 0.5213815789473685 0.03042763157894737 0.11266447368421052
4 0.6233552631578947 0.555921052631579 0.12746710526315788 0.16858552631578946
4 0.7113486842105263 0.5049342105263158 0.13157894736842105 0.14226973684210525
4 0.6891447368421053 0.3824013157894737 0.09786184210526316 0.10115131578947369
4 0.5748355263157895 0.3536184210526316 0.07648026315789473 0.10279605263157894
4 0.48273026315789475 0.3536184210526316 0.05921052631578947 0.07730263157894737
4 0.4819078947368421 0.27960526315789475 0.038651315789473686 0.06085526315789474
4 0.4144736842105263 0.33881578947368424 0.04851973684210526 0.07236842105263158
2 0.8075657894736842 0.4925986842105263 0.046052631578947366 0.1069078947368421
4 0.9539473684210527 0.5921052631578947 0.0912828947368421 0.1875
4 0.3314144736842105 0.3067434210526316 0.04851973684210526 0.07894736842105263