1 0.4120065789473684 0.40789473684210525 0.02055921052631579 0.0756578947368421
4 0.6381578947368421 0.5361842105263158 0.1225328947368421 0.1611842105263158
4 0.7220394736842105 0.4087171052631579 0.11019736842105263 0.11348684210526316
4 0.7787828947368421 0.5435855263157895 0.15213815789473684 0.15953947368421054
4 0.9185855263157895 0.5550986842105263 0.1611842105263158 0.3215460526315789
4 0.5567434210526315 0.35855263157894735 0.0756578947368421 0.0805921052631579
4 0.6069078947368421 0.32976973684210525 0.07319078947368421 0.08305921052631579
4 0.49506578947368424 0.30180921052631576 0.04276315789473684 0.06085526315789474
3 0.31743421052631576 0.587171052631579 0.028782894736842105 0.1118421052631579
3 0.3495065789473684 0.5953947368421053 0.03618421052631579 0.10444078947368421
3 0.5139802631578947 0.3692434210526316 0.018914473684210526 0.06907894736842106
3 0.3305921052631579 0.5180921052631579 0.03125 0.1118421052631579
2 0.45723684210526316 0.4095394736842105 0.03536184210526316 0.08881578947368421