1 0.5353618421052632 0.7828947368421053 0.05674342105263158 0.16858552631578946
4 0.6233552631578947 0.40542763157894735 0.10115131578947369 0.11759868421052631
4 0.5707236842105263 0.3125 0.061677631578947366 0.07483552631578948
4 0.8100328947368421 0.5830592105263158 0.17516447368421054 0.19161184210526316
4 0.4654605263157895 0.31414473684210525 0.054276315789473686 0.06825657894736842
4 0.7516447368421053 0.4243421052631579 0.10855263157894737 0.11430921052631579
4 0.4819078947368421 0.3651315789473684 0.0625 0.08470394736842106
2 0.8157894736842105 0.7467105263157895 0.07154605263157894 0.19407894736842105
4 0.3774671052631579 0.2894736842105263 0.06085526315789474 0.06332236842105263
2 0.36019736842105265 0.9268092105263158 0.08223684210526316 0.13075657894736842
3 0.37911184210526316 0.6455592105263158 0.044407894736842105 0.14638157894736842
3 0.3042763157894737 0.5164473684210527 0.02138157894736842 0.10773026315789473