1 0.4292763157894737 0.44901315789473684 0.03042763157894737 0.09046052631578948
0 0.4350328947368421 0.5641447368421053 0.03289473684210526 0.11842105263157894
4 0.5493421052631579 0.6578947368421053 0.1513157894736842 0.22039473684210525
4 0.5024671052631579 0.3527960526315789 0.13404605263157895 0.16365131578947367
4 0.7754934210526315 0.7064144736842105 0.23108552631578946 0.29605263157894735
4 0.7154605263157895 0.40542763157894735 0.10197368421052631 0.11759868421052631
4 0.9333881578947368 0.600328947368421 0.13240131578947367 0.20476973684210525
4 0.5707236842105263 0.31085526315789475 0.061677631578947366 0.07401315789473684
4 0.7055921052631579 0.48519736842105265 0.11677631578947369 0.13733552631578946
2 0.6233552631578947 0.39473684210526316 0.03536184210526316 0.08141447368421052
3 0.3371710526315789 0.4819078947368421 0.023848684210526317 0.1118421052631579