1 0.43256578947368424 0.4613486842105263 0.03536184210526316 0.11430921052631579
4 0.5460526315789473 0.40213815789473684 0.10279605263157894 0.13980263157894737
4 0.6480263157894737 0.4276315789473684 0.10444078947368421 0.09539473684210527
4 0.9161184210526315 0.6981907894736842 0.16611842105263158 0.28207236842105265
4 0.46875 0.3404605263157895 0.046052631578947366 0.06907894736842106
4 0.5657894736842105 0.2713815789473684 0.05674342105263158 0.11513157894736842
4 0.5345394736842105 0.3190789473684211 0.05263157894736842 0.06661184210526316
2 0.6225328947368421 0.6069078947368421 0.046052631578947366 0.18667763157894737
2 0.8544407894736842 0.7730263157894737 0.07236842105263158 0.19078947368421054
4 0.4375 0.2722039473684211 0.03782894736842105 0.07976973684210527
2 0.4917763157894737 0.6085526315789473 0.04029605263157895 0.1455592105263158
2 0.9736842105263158 0.5904605263157895 0.05180921052631579 0.13157894736842105
4 0.6504934210526315 0.3651315789473684 0.0962171052631579 0.08388157894736842