1 0.5748355263157895 0.4925986842105263 0.03700657894736842 0.10773026315789473
4 0.24917763157894737 0.5180921052631579 0.14309210526315788 0.17023026315789475
4 0.060032894736842105 0.5986842105263158 0.11513157894736842 0.21052631578947367
4 0.555921052631579 0.31332236842105265 0.04358552631578947 0.07154605263157894
4 0.37664473684210525 0.5172697368421053 0.17927631578947367 0.22861842105263158
4 0.3355263157894737 0.34868421052631576 0.109375 0.12828947368421054
4 0.40789473684210525 0.37006578947368424 0.07483552631578948 0.08634868421052631
4 0.5131578947368421 0.3618421052631579 0.05756578947368421 0.0756578947368421
2 0.36101973684210525 0.7804276315789473 0.06990131578947369 0.1768092105263158
4 0.4300986842105263 0.2713815789473684 0.0649671052631579 0.10855263157894737
4 0.4967105263157895 0.2944078947368421 0.05180921052631579 0.07483552631578948
3 0.6669407894736842 0.5180921052631579 0.027138157894736843 0.10197368421052631
2 0.45148026315789475 0.5879934210526315 0.05180921052631579 0.15460526315789475
2 0.5098684210526315 0.48519736842105265 0.04523026315789474 0.11348684210526316