1 0.40542763157894735 0.5016447368421053 0.038651315789473686 0.11266447368421052
4 0.7245065789473685 0.5024671052631579 0.125 0.13980263157894737
4 0.7730263157894737 0.4375 0.12828947368421054 0.13240131578947367
4 0.625 0.3412828947368421 0.0756578947368421 0.08305921052631579
4 0.9013157894736842 0.8643092105263158 0.19572368421052633 0.26151315789473684
4 0.506578947368421 0.31167763157894735 0.05592105263157895 0.07730263157894737
4 0.5328947368421053 0.2787828947368421 0.05180921052631579 0.061677631578947366
3 0.35526315789473684 0.7713815789473685 0.04523026315789474 0.16036184210526316
2 0.6702302631578947 0.40542763157894735 0.03700657894736842 0.0912828947368421
2 0.5509868421052632 0.46957236842105265 0.03453947368421053 0.09046052631578948
2 0.9490131578947368 0.6192434210526315 0.0649671052631579 0.109375