1 0.4555921052631579 0.5024671052631579 0.028782894736842105 0.11019736842105263
1 0.5074013157894737 0.7088815789473685 0.049342105263157895 0.1768092105263158
4 0.5024671052631579 0.4037828947368421 0.06907894736842106 0.09046052631578948
4 0.8717105263157895 0.8231907894736842 0.24342105263157895 0.3248355263157895
4 0.9120065789473685 0.5608552631578947 0.17105263157894737 0.1924342105263158
4 0.65625 0.44819078947368424 0.10773026315789473 0.12088815789473684
4 0.5082236842105263 0.31332236842105265 0.05180921052631579 0.06661184210526316
2 0.712171052631579 0.4309210526315789 0.03782894736842105 0.08881578947368421
2 0.6175986842105263 0.6603618421052632 0.055098684210526314 0.15460526315789475
4 0.5518092105263158 0.2944078947368421 0.060032894736842105 0.06661184210526316
4 0.48273026315789475 0.2294407894736842 0.04029605263157895 0.055098684210526314
4 0.4588815789473684 0.2730263157894737 0.03782894736842105 0.05756578947368421
3 0.3379934210526316 0.7220394736842105 0.04523026315789474 0.15460526315789475