1 0.4662828947368421 0.49835526315789475 0.02549342105263158 0.0962171052631579
1 0.43256578947368424 0.4662828947368421 0.02631578947368421 0.10197368421052631
4 0.9046052631578947 0.6825657894736842 0.18914473684210525 0.2878289473684211
4 0.5427631578947368 0.33881578947368424 0.061677631578947366 0.07976973684210527
4 0.6891447368421053 0.6430921052631579 0.1669407894736842 0.2138157894736842
4 0.6381578947368421 0.42269736842105265 0.10032894736842106 0.12911184210526316
4 0.5131578947368421 0.27631578947368424 0.03782894736842105 0.05592105263157895
4 0.8199013157894737 0.4654605263157895 0.203125 0.171875
4 0.359375 0.2837171052631579 0.05921052631578947 0.061677631578947366
3 0.39473684210526316 0.7672697368421053 0.044407894736842105 0.17269736842105263
3 0.3536184210526316 0.915296052631579 0.09210526315789473 0.15378289473684212
3 0.3100328947368421 0.5616776315789473 0.03289473684210526 0.11842105263157894