1 0.48026315789473684 0.6875 0.05016447368421053 0.16365131578947367
4 0.515625 0.4613486842105263 0.08141447368421052 0.11759868421052631
4 0.23601973684210525 0.4440789473684211 0.11595394736842106 0.11842105263157894
4 0.2598684210526316 0.6365131578947368 0.15625 0.2138157894736842
4 0.4876644736842105 0.3157894736842105 0.049342105263157895 0.07154605263157894
2 0.4440789473684211 0.41118421052631576 0.03453947368421053 0.09703947368421052
4 0.5394736842105263 0.28618421052631576 0.03782894736842105 0.05592105263157895
4 0.2787828947368421 0.31743421052631576 0.19572368421052633 0.16611842105263158
3 0.587171052631579 0.5452302631578947 0.039473684210526314 0.0962171052631579
3 0.5879934210526315 0.8166118421052632 0.06332236842105263 0.1768092105263158
3 0.634046052631579 0.868421052631579 0.0649671052631579 0.18585526315789475
3 0.6389802631578947 0.6110197368421053 0.05180921052631579 0.12417763157894737
3 0.6833881578947368 0.709703947368421 0.054276315789473686 0.15871710526315788