1 0.5230263157894737 0.6661184210526315 0.044407894736842105 0.140625
1 0.4753289473684211 0.5838815789473685 0.03700657894736842 0.14884868421052633
4 0.5773026315789473 0.3675986842105263 0.0805921052631579 0.09210526315789473
4 0.8947368421052632 0.8988486842105263 0.19983552631578946 0.19983552631578946
4 0.7055921052631579 0.48519736842105265 0.13240131578947367 0.15707236842105263
4 0.45148026315789475 0.3157894736842105 0.05016447368421053 0.08963815789473684
4 0.5386513157894737 0.2935855263157895 0.049342105263157895 0.0625
2 0.8725328947368421 0.5888157894736842 0.05921052631578947 0.14391447368421054
4 0.48355263157894735 0.25493421052631576 0.039473684210526314 0.05345394736842105
4 0.6825657894736842 0.37006578947368424 0.08141447368421052 0.0912828947368421
4 0.44819078947368424 0.29605263157894735 0.04194078947368421 0.06414473684210527
3 0.38898026315789475 0.6973684210526315 0.04194078947368421 0.16529605263157895
3 0.3067434210526316 0.5394736842105263 0.022203947368421052 0.1118421052631579
3 0.3618421052631579 0.9169407894736842 0.08799342105263158 0.1513157894736842