1 0.5238486842105263 0.6661184210526315 0.04276315789473684 0.14638157894736842
1 0.4868421052631579 0.7228618421052632 0.060032894736842105 0.16036184210526316
4 0.662828947368421 0.5896381578947368 0.13815789473684212 0.18585526315789475
4 0.6110197368421053 0.4004934210526316 0.09210526315789473 0.10279605263157894
4 0.4449013157894737 0.31085526315789475 0.046052631578947366 0.07319078947368421
4 0.5904605263157895 0.31661184210526316 0.060032894736842105 0.07236842105263158
4 0.5115131578947368 0.3848684210526316 0.0805921052631579 0.09457236842105263
4 0.8264802631578947 0.6348684210526315 0.17927631578947367 0.18585526315789475
4 0.7787828947368421 0.4564144736842105 0.12171052631578948 0.1299342105263158
4 0.5337171052631579 0.32730263157894735 0.05838815789473684 0.07730263157894737
4 0.4128289473684211 0.3536184210526316 0.054276315789473686 0.07154605263157894
3 0.30838815789473684 0.509046052631579 0.018914473684210526 0.09868421052631579
2 0.6554276315789473 0.7574013157894737 0.06743421052631579 0.18914473684210525
2 0.8519736842105263 0.8256578947368421 0.09539473684210527 0.21546052631578946
2 0.9514802631578947 0.6266447368421053 0.0756578947368421 0.15460526315789475
2 0.6332236842105263 0.4753289473684211 0.05345394736842105 0.09457236842105263