1 0.4243421052631579 0.4465460526315789 0.03536184210526316 0.10197368421052631
4 0.7171052631578947 0.4942434210526316 0.16447368421052633 0.1669407894736842
4 0.6981907894736842 0.6661184210526315 0.21463815789473684 0.26644736842105265
4 0.8930921052631579 0.5230263157894737 0.18914473684210525 0.19078947368421054
4 0.6792763157894737 0.36019736842105265 0.0962171052631579 0.10444078947368421
4 0.5041118421052632 0.3824013157894737 0.0649671052631579 0.09539473684210527
2 0.5337171052631579 0.484375 0.038651315789473686 0.10361842105263158
4 0.5427631578947368 0.3338815789473684 0.06661184210526316 0.08305921052631579
4 0.4868421052631579 0.30838815789473684 0.046052631578947366 0.0805921052631579
4 0.43338815789473684 0.28618421052631576 0.04194078947368421 0.08470394736842106
2 0.6282894736842105 0.49588815789473684 0.04194078947368421 0.11430921052631579