1 0.5254934210526315 0.8519736842105263 0.05921052631578947 0.16529605263157895
4 0.6241776315789473 0.7467105263157895 0.19736842105263158 0.28289473684210525
4 0.65625 0.5394736842105263 0.14144736842105263 0.16365131578947367
4 0.7162828947368421 0.4613486842105263 0.12911184210526316 0.15707236842105263
4 0.8947368421052632 0.6603618421052632 0.2080592105263158 0.26069078947368424
4 0.48273026315789475 0.3371710526315789 0.049342105263157895 0.07976973684210527
4 0.5123355263157895 0.42269736842105265 0.08799342105263158 0.11759868421052631
4 0.5773026315789473 0.31743421052631576 0.0649671052631579 0.08388157894736842
3 0.3223684210526316 0.4786184210526316 0.023026315789473683 0.09703947368421052
2 0.4597039473684211 0.4597039473684211 0.03125 0.1118421052631579
2 0.8675986842105263 0.9325657894736842 0.10444078947368421 0.13404605263157895