1 0.46381578947368424 0.9013157894736842 0.07730263157894737 0.1875
1 0.5666118421052632 0.5830592105263158 0.047697368421052634 0.13651315789473684
4 0.28536184210526316 0.46463815789473684 0.14884868421052633 0.18914473684210525
4 0.3972039473684211 0.38569078947368424 0.08552631578947369 0.10361842105263158
4 0.5263157894736842 0.4777960526315789 0.07319078947368421 0.11430921052631579
4 0.1513157894736842 0.5131578947368421 0.16776315789473684 0.15953947368421054
4 0.4909539473684211 0.38569078947368424 0.08305921052631579 0.09703947368421052
4 0.3462171052631579 0.8577302631578947 0.31414473684210525 0.2746710526315789
4 0.46381578947368424 0.3248355263157895 0.055098684210526314 0.07976973684210527
4 0.5427631578947368 0.30838815789473684 0.04851973684210526 0.0805921052631579
4 0.5370065789473685 0.37335526315789475 0.054276315789473686 0.0805921052631579
4 0.42351973684210525 0.31085526315789475 0.04276315789473684 0.06578947368421052
4 0.02138157894736842 0.796875 0.03782894736842105 0.1513157894736842
3 0.6430921052631579 0.4868421052631579 0.02138157894736842 0.10115131578947369
3 0.65625 0.6422697368421053 0.03453947368421053 0.13240131578947367
2 0.11513157894736842 0.6282894736842105 0.07483552631578948 0.1669407894736842