0 0.5205592105263158 0.8223684210526315 0.06085526315789474 0.16036184210526316
1 0.41776315789473684 0.5427631578947368 0.04276315789473684 0.1356907894736842
4 0.7368421052631579 0.6981907894736842 0.21875 0.29194078947368424
4 0.5657894736842105 0.4276315789473684 0.09292763157894737 0.10115131578947369
4 0.9161184210526315 0.5444078947368421 0.1669407894736842 0.22286184210526316
4 0.7541118421052632 0.537828947368421 0.17598684210526316 0.1981907894736842
4 0.5361842105263158 0.32730263157894735 0.060032894736842105 0.08305921052631579
2 0.6735197368421053 0.43338815789473684 0.038651315789473686 0.08470394736842106
4 0.47368421052631576 0.3470394736842105 0.044407894736842105 0.06578947368421052
4 0.4399671052631579 0.30756578947368424 0.04029605263157895 0.061677631578947366
4 0.6085526315789473 0.3305921052631579 0.07072368421052631 0.08552631578947369
4 0.5452302631578947 0.25411184210526316 0.08799342105263158 0.07154605263157894
4 0.5353618421052632 0.28042763157894735 0.05345394736842105 0.06907894736842106