0 0.5345394736842105 0.6694078947368421 0.055098684210526314 0.16858552631578946
4 0.6365131578947368 0.3980263157894737 0.09703947368421052 0.14802631578947367
4 0.7195723684210527 0.6710526315789473 0.17927631578947367 0.2557565789473684
4 0.5016447368421053 0.42105263157894735 0.07976973684210527 0.09786184210526316
4 0.9407894736842105 0.59375 0.11266447368421052 0.2294407894736842
4 0.5230263157894737 0.3215460526315789 0.05016447368421053 0.07730263157894737
2 0.8930921052631579 0.7294407894736842 0.07072368421052631 0.16858552631578946
4 0.571546052631579 0.3157894736842105 0.054276315789473686 0.0625
4 0.4621710526315789 0.2689144736842105 0.03536184210526316 0.05180921052631579
3 0.32319078947368424 0.5600328947368421 0.03700657894736842 0.11595394736842106
3 0.3495065789473684 0.8018092105263158 0.046052631578947366 0.14967105263157895
2 0.5649671052631579 0.40625 0.03782894736842105 0.09292763157894737