1 0.4745065789473684 0.5213815789473685 0.038651315789473686 0.13157894736842105
4 0.5608552631578947 0.34539473684210525 0.06825657894736842 0.10361842105263158
4 0.9276315789473685 0.5896381578947368 0.14309210526315788 0.23355263157894737
4 0.44819078947368424 0.3692434210526316 0.05098684210526316 0.08305921052631579
2 0.7524671052631579 0.6916118421052632 0.05921052631578947 0.16858552631578946
4 0.40625 0.28042763157894735 0.04029605263157895 0.07730263157894737
4 0.47039473684210525 0.3092105263157895 0.04276315789473684 0.07730263157894737
2 0.7919407894736842 0.5337171052631579 0.054276315789473686 0.11759868421052631
4 0.65625 0.3651315789473684 0.08388157894736842 0.08305921052631579
2 0.8782894736842105 0.634046052631579 0.07730263157894737 0.16858552631578946
1 0.7927631578947368 0.5863486842105263 0.044407894736842105 0.13815789473684212
2 0.6685855263157895 0.4432565789473684 0.04111842105263158 0.09457236842105263
2 0.7450657894736842 0.453125 0.054276315789473686 0.10197368421052631