1 0.546875 0.7606907894736842 0.061677631578947366 0.15789473684210525
1 0.4629934210526316 0.537828947368421 0.04194078947368421 0.125
4 0.6726973684210527 0.5748355263157895 0.15213815789473684 0.19983552631578946
4 0.7228618421052632 0.41036184210526316 0.11513157894736842 0.11430921052631579
4 0.6274671052631579 0.4243421052631579 0.09375 0.10115131578947369
4 0.524671052631579 0.3149671052631579 0.061677631578947366 0.08388157894736842
4 0.9588815789473685 0.6060855263157895 0.0805921052631579 0.16940789473684212
2 0.5172697368421053 0.453125 0.03125 0.08881578947368421
2 0.5707236842105263 0.5057565789473685 0.033717105263157895 0.10197368421052631
4 0.9671052631578947 0.7713815789473685 0.06414473684210527 0.19736842105263158
3 0.37911184210526316 0.8963815789473685 0.046052631578947366 0.16282894736842105
2 0.4745065789473684 0.3988486842105263 0.03289473684210526 0.08141447368421052