1 0.6208881578947368 0.8273026315789473 0.06578947368421052 0.20970394736842105
1 0.5509868421052632 0.8116776315789473 0.061677631578947366 0.19325657894736842
4 0.8314144736842105 0.6546052631578947 0.18996710526315788 0.2138157894736842
4 0.6225328947368421 0.40625 0.08963815789473684 0.11266447368421052
4 0.5139802631578947 0.3840460526315789 0.08223684210526316 0.12417763157894737
4 0.5723684210526315 0.30756578947368424 0.05592105263157895 0.06825657894736842
4 0.46875 0.28042763157894735 0.04276315789473684 0.061677631578947366
2 0.8988486842105263 0.5731907894736842 0.06085526315789474 0.11430921052631579
3 0.4243421052631579 0.9136513157894737 0.04851973684210526 0.1611842105263158
3 0.38980263157894735 0.6661184210526315 0.033717105263157895 0.1455592105263158
2 0.790296052631579 0.4457236842105263 0.05180921052631579 0.09868421052631579
2 0.7113486842105263 0.41776315789473684 0.05263157894736842 0.09868421052631579
2 0.6957236842105263 0.3881578947368421 0.046052631578947366 0.09210526315789473