1 0.5493421052631579 0.49588815789473684 0.03042763157894737 0.10197368421052631
4 0.3371710526315789 0.43914473684210525 0.10444078947368421 0.11513157894736842
4 0.21875 0.6546052631578947 0.23026315789473684 0.30180921052631576
4 0.49917763157894735 0.3848684210526316 0.0649671052631579 0.07976973684210527
4 0.42680921052631576 0.31085526315789475 0.05345394736842105 0.06332236842105263
4 0.46875 0.32894736842105265 0.05592105263157895 0.06825657894736842
2 0.4152960526315789 0.375 0.027138157894736843 0.07483552631578948
4 0.6044407894736842 0.2878289473684211 0.03125 0.05674342105263158
3 0.587171052631579 0.8125 0.05674342105263158 0.15378289473684212
3 0.6685855263157895 0.609375 0.03289473684210526 0.12582236842105263
3 0.6899671052631579 0.47286184210526316 0.023848684210526317 0.10115131578947369
2 0.29523026315789475 0.40625 0.044407894736842105 0.09703947368421052
2 0.3824013157894737 0.3519736842105263 0.03700657894736842 0.07154605263157894