1 0.3972039473684211 0.421875 0.019736842105263157 0.08305921052631579
1 0.44161184210526316 0.4309210526315789 0.02631578947368421 0.0962171052631579
4 0.8610197368421053 0.6217105263157895 0.20559210526315788 0.2598684210526316
4 0.5879934210526315 0.4629934210526316 0.10032894736842106 0.1356907894736842
4 0.6661184210526315 0.37335526315789475 0.09375 0.09868421052631579
4 0.5723684210526315 0.37417763157894735 0.06743421052631579 0.08634868421052631
4 0.4309210526315789 0.30838815789473684 0.049342105263157895 0.08634868421052631
2 0.7327302631578947 0.4769736842105263 0.054276315789473686 0.10361842105263158
3 0.33305921052631576 0.5518092105263158 0.03125 0.09703947368421052
2 0.5616776315789473 0.6537828947368421 0.054276315789473686 0.1611842105263158
2 0.5863486842105263 0.5641447368421053 0.05921052631578947 0.14638157894736842
2 0.6875 0.4786184210526316 0.05921052631578947 0.125