1 0.5600328947368421 0.8898026315789473 0.07401315789473684 0.203125
4 0.725328947368421 0.509046052631579 0.1611842105263158 0.17516447368421054
4 0.6677631578947368 0.6151315789473685 0.1611842105263158 0.19161184210526316
4 0.4876644736842105 0.37088815789473684 0.06085526315789474 0.07401315789473684
4 0.9605263157894737 0.5896381578947368 0.07648026315789473 0.1924342105263158
4 0.6924342105263158 0.3873355263157895 0.11019736842105263 0.09786184210526316
4 0.5608552631578947 0.3659539473684211 0.06743421052631579 0.09457236842105263
4 0.5328947368421053 0.28618421052631576 0.046052631578947366 0.0625
4 0.5016447368421053 0.31085526315789475 0.05263157894736842 0.06661184210526316
3 0.4144736842105263 0.8791118421052632 0.06907894736842106 0.17269736842105263
3 0.3527960526315789 0.7771381578947368 0.038651315789473686 0.14802631578947367
3 0.39473684210526316 0.7442434210526315 0.039473684210526314 0.15542763157894737
2 0.5386513157894737 0.6151315789473685 0.05756578947368421 0.15871710526315788
2 0.5822368421052632 0.453125 0.04276315789473684 0.10279605263157894
2 0.5386513157894737 0.4597039473684211 0.044407894736842105 0.08634868421052631
2 0.47944078947368424 0.453125 0.039473684210526314 0.1069078947368421