1 0.42023026315789475 0.7574013157894737 0.05098684210526316 0.17434210526315788
0 0.553453947368421 0.5123355263157895 0.02631578947368421 0.12335526315789473
4 0.41694078947368424 0.48355263157894735 0.1225328947368421 0.15460526315789475
4 0.4300986842105263 0.3536184210526316 0.06907894736842106 0.09046052631578948
4 0.27631578947368424 0.4868421052631579 0.15707236842105263 0.15789473684210525
2 0.0962171052631579 0.6175986842105263 0.0625 0.13404605263157895
4 0.5731907894736842 0.26069078947368424 0.04851973684210526 0.08963815789473684
4 0.049342105263157895 0.7861842105263158 0.09375 0.2294407894736842
4 0.540296052631579 0.31414473684210525 0.044407894736842105 0.08305921052631579
4 0.5082236842105263 0.36348684210526316 0.060032894736842105 0.08634868421052631
2 0.10115131578947369 0.897203947368421 0.11513157894736842 0.18092105263157895
4 0.4934210526315789 0.30180921052631576 0.04851973684210526 0.06990131578947369
4 0.5370065789473685 0.2845394736842105 0.038651315789473686 0.07483552631578948