1 0.5616776315789473 0.537828947368421 0.032072368421052634 0.10361842105263158
4 0.2878289473684211 0.6554276315789473 0.19078947368421054 0.22203947368421054
4 0.12006578947368421 0.5337171052631579 0.15296052631578946 0.15378289473684212
4 0.46463815789473684 0.4276315789473684 0.08223684210526316 0.10608552631578948
4 0.2902960526315789 0.3963815789473684 0.10444078947368421 0.109375
4 0.3659539473684211 0.4152960526315789 0.08799342105263158 0.10444078947368421
4 0.5789473684210527 0.34210526315789475 0.04851973684210526 0.08470394736842106
4 0.5197368421052632 0.3404605263157895 0.047697368421052634 0.078125
4 0.4588815789473684 0.3371710526315789 0.05756578947368421 0.0805921052631579
4 0.49835526315789475 0.31332236842105265 0.03782894736842105 0.08388157894736842
4 0.5345394736842105 0.28042763157894735 0.03453947368421053 0.06907894736842106
3 0.6800986842105263 0.506578947368421 0.02549342105263158 0.11348684210526316
2 0.41776315789473684 0.5978618421052632 0.06414473684210527 0.140625
2 0.30098684210526316 0.8412828947368421 0.09703947368421052 0.18092105263157895