1 0.3059210526315789 0.6233552631578947 0.04276315789473684 0.14309210526315788
1 0.515625 0.5970394736842105 0.03453947368421053 0.140625
1 0.4037828947368421 0.9514802631578947 0.06907894736842106 0.09539473684210527
4 0.2582236842105263 0.48519736842105265 0.17105263157894737 0.22861842105263158
4 0.16529605263157895 0.47039473684210525 0.09210526315789473 0.12335526315789473
4 0.5583881578947368 0.3042763157894737 0.046052631578947366 0.06990131578947369
4 0.41776315789473684 0.3651315789473684 0.07483552631578948 0.09292763157894737
4 0.48355263157894735 0.30180921052631576 0.044407894736842105 0.06085526315789474
3 0.649671052631579 0.5970394736842105 0.03042763157894737 0.10361842105263158
4 0.42351973684210525 0.5098684210526315 0.038651315789473686 0.1118421052631579
4 0.40625 0.5814144736842105 0.05098684210526316 0.1299342105263158