1 0.6208881578947368 0.9259868421052632 0.07730263157894737 0.14638157894736842
4 0.600328947368421 0.53125 0.12006578947368421 0.13980263157894737
4 0.8519736842105263 0.7615131578947368 0.2754934210526316 0.40213815789473684
4 0.7080592105263158 0.4621710526315789 0.15296052631578946 0.18338815789473684
4 0.5550986842105263 0.3527960526315789 0.060032894736842105 0.08881578947368421
4 0.7697368421052632 0.4300986842105263 0.125 0.14802631578947367
4 0.9292763157894737 0.7154605263157895 0.13898026315789475 0.27055921052631576
4 0.49506578947368424 0.2886513157894737 0.04851973684210526 0.06825657894736842
4 0.7327302631578947 0.43832236842105265 0.18092105263157895 0.17516447368421054
2 0.4975328947368421 0.41776315789473684 0.03289473684210526 0.078125
2 0.5485197368421053 0.4161184210526316 0.03125 0.07894736842105263
2 0.5962171052631579 0.43832236842105265 0.03782894736842105 0.0756578947368421