0 0.4152960526315789 0.5361842105263158 0.029605263157894735 0.12171052631578948
4 0.6817434210526315 0.4621710526315789 0.11513157894736842 0.12335526315789473
4 0.5296052631578947 0.40707236842105265 0.09210526315789473 0.11842105263157894
2 0.7993421052631579 0.709703947368421 0.0649671052631579 0.17434210526315788
4 0.5764802631578947 0.3034539473684211 0.07072368421052631 0.08141447368421052
4 0.5172697368421053 0.28042763157894735 0.04029605263157895 0.046875
2 0.8256578947368421 0.5024671052631579 0.04851973684210526 0.10855263157894737
4 0.46381578947368424 0.2722039473684211 0.029605263157894735 0.05098684210526316
4 0.44243421052631576 0.30838815789473684 0.03782894736842105 0.06578947368421052
2 0.7310855263157895 0.43338815789473684 0.049342105263157895 0.10032894736842106
2 0.953125 0.5797697368421053 0.0756578947368421 0.12664473684210525