1 0.5699013157894737 0.47039473684210525 0.03700657894736842 0.10444078947368421
4 0.3774671052631579 0.5296052631578947 0.1299342105263158 0.15213815789473684
4 0.37582236842105265 0.41036184210526316 0.08963815789473684 0.09786184210526316
4 0.5723684210526315 0.4004934210526316 0.05674342105263158 0.09868421052631579
4 0.15460526315789475 0.6143092105263158 0.18421052631578946 0.19983552631578946
4 0.44901315789473684 0.34292763157894735 0.055098684210526314 0.078125
4 0.20888157894736842 0.4498355263157895 0.13075657894736842 0.12911184210526316
4 0.4917763157894737 0.3807565789473684 0.05921052631578947 0.08881578947368421
4 0.5460526315789473 0.3182565789473684 0.04523026315789474 0.06578947368421052
4 0.39144736842105265 0.3363486842105263 0.060032894736842105 0.07319078947368421
4 0.569078947368421 0.2754934210526316 0.03618421052631579 0.06085526315789474
2 0.3182565789473684 0.5032894736842105 0.046875 0.12088815789473684