1 0.5435855263157895 0.6348684210526315 0.05263157894736842 0.1513157894736842
4 0.4942434210526316 0.5345394736842105 0.11101973684210527 0.14144736842105263
4 0.40789473684210525 0.4029605263157895 0.08881578947368421 0.10444078947368421
4 0.08881578947368421 0.8544407894736842 0.17351973684210525 0.2713815789473684
4 0.2138157894736842 0.44901315789473684 0.12171052631578948 0.13240131578947367
4 0.2393092105263158 0.546875 0.1513157894736842 0.1669407894736842
4 0.53125 0.25164473684210525 0.04358552631578947 0.08388157894736842
4 0.5394736842105263 0.3347039473684211 0.055098684210526314 0.07483552631578948
4 0.375 0.3371710526315789 0.078125 0.0756578947368421
2 0.29276315789473684 0.694078947368421 0.05838815789473684 0.17105263157894737
4 0.5608552631578947 0.3963815789473684 0.061677631578947366 0.08963815789473684
2 0.23190789473684212 0.850328947368421 0.08223684210526316 0.22615131578947367
4 0.546875 0.3199013157894737 0.05263157894736842 0.07976973684210527
4 0.49588815789473684 0.3026315789473684 0.044407894736842105 0.06743421052631579
2 0.3470394736842105 0.5296052631578947 0.04276315789473684 0.11924342105263158
4 0.4654605263157895 0.3412828947368421 0.04523026315789474 0.08470394736842106
4 0.04276315789473684 0.6167763157894737 0.08223684210526316 0.14720394736842105
3 0.6743421052631579 0.5197368421052632 0.02549342105263158 0.09703947368421052