1 0.5641447368421053 0.915296052631579 0.060032894736842105 0.16858552631578946
4 0.6833881578947368 0.6324013157894737 0.16282894736842105 0.20641447368421054
4 0.8922697368421053 0.6332236842105263 0.19490131578947367 0.18174342105263158
4 0.71875 0.3347039473684211 0.09375 0.08634868421052631
4 0.884046052631579 0.524671052631579 0.1455592105263158 0.13815789473684212
4 0.5180921052631579 0.39555921052631576 0.06332236842105263 0.0962171052631579
4 0.5912828947368421 0.36348684210526316 0.0649671052631579 0.08305921052631579
4 0.4621710526315789 0.3314144736842105 0.04523026315789474 0.061677631578947366
2 0.6875 0.45230263157894735 0.04851973684210526 0.1118421052631579
4 0.5115131578947368 0.3207236842105263 0.04358552631578947 0.078125
2 0.7582236842105263 0.4901315789473684 0.046052631578947366 0.10855263157894737
4 0.5452302631578947 0.28618421052631576 0.039473684210526314 0.061677631578947366
2 0.5115131578947368 0.4588815789473684 0.04111842105263158 0.10197368421052631
2 0.8947368421052632 0.7401315789473685 0.08963815789473684 0.18338815789473684
2 0.6800986842105263 0.5098684210526315 0.04276315789473684 0.10361842105263158