1 0.578125 0.5476973684210527 0.039473684210526314 0.13815789473684212
4 0.3980263157894737 0.4917763157894737 0.11924342105263158 0.14884868421052633
4 0.12171052631578948 0.8108552631578947 0.24013157894736842 0.3692434210526316
4 0.27055921052631576 0.4120065789473684 0.12582236842105263 0.11019736842105263
4 0.4144736842105263 0.3881578947368421 0.0756578947368421 0.07976973684210527
2 0.32401315789473684 0.7014802631578947 0.06990131578947369 0.17434210526315788
4 0.5098684210526315 0.36430921052631576 0.0649671052631579 0.07730263157894737
4 0.4654605263157895 0.3305921052631579 0.054276315789473686 0.07730263157894737
4 0.5616776315789473 0.3050986842105263 0.04276315789473684 0.06332236842105263
2 0.2894736842105263 0.4901315789473684 0.04111842105263158 0.10361842105263158
4 0.08717105263157894 0.6949013157894737 0.16365131578947367 0.20641447368421054
3 0.6759868421052632 0.35444078947368424 0.019736842105263157 0.061677631578947366