4 0.7960526315789473 0.8651315789473685 0.24671052631578946 0.24835526315789475
4 0.5509868421052632 0.34539473684210525 0.06332236842105263 0.07976973684210527
4 0.618421052631579 0.3363486842105263 0.06743421052631579 0.0756578947368421
4 0.9120065789473685 0.5600328947368421 0.17351973684210525 0.36019736842105265
4 0.43832236842105265 0.3667763157894737 0.05838815789473684 0.078125
2 0.6842105263157895 0.47286184210526316 0.044407894736842105 0.109375
4 0.5476973684210527 0.3182565789473684 0.05756578947368421 0.08470394736842106
4 0.3223684210526316 0.31661184210526316 0.03125 0.05838815789473684
3 0.32648026315789475 0.5205592105263158 0.023026315789473683 0.0962171052631579
3 0.37006578947368424 0.8421052631578947 0.060032894736842105 0.15542763157894737
1 0.43585526315789475 0.43585526315789475 0.033717105263157895 0.0962171052631579
3 0.3651315789473684 0.584703947368421 0.05098684210526316 0.11924342105263158