1 0.4555921052631579 0.6200657894736842 0.03782894736842105 0.13404605263157895
4 0.4942434210526316 0.5213815789473685 0.10608552631578948 0.15296052631578946
4 0.46792763157894735 0.37417763157894735 0.06414473684210527 0.09457236842105263
4 0.7129934210526315 0.48273026315789475 0.13075657894736842 0.14802631578947367
4 0.9136513157894737 0.8766447368421053 0.171875 0.23273026315789475
4 0.9194078947368421 0.5641447368421053 0.16036184210526316 0.19654605263157895
4 0.5649671052631579 0.4284539473684211 0.08552631578947369 0.109375
4 0.6052631578947368 0.34868421052631576 0.07483552631578948 0.10197368421052631
4 0.5271381578947368 0.31332236842105265 0.047697368421052634 0.07730263157894737
2 0.7425986842105263 0.6143092105263158 0.06085526315789474 0.15953947368421054
4 0.45805921052631576 0.3067434210526316 0.04194078947368421 0.06907894736842106
3 0.8980263157894737 0.6883223684210527 0.06743421052631579 0.14391447368421054
2 0.6439144736842105 0.649671052631579 0.06743421052631579 0.18009868421052633
2 0.7598684210526315 0.7960526315789473 0.09375 0.17763157894736842