1 0.39555921052631576 0.9391447368421053 0.08552631578947369 0.12006578947368421
4 0.21792763157894737 0.7195723684210527 0.22779605263157895 0.28536184210526316
4 0.4621710526315789 0.42351973684210525 0.09539473684210527 0.11430921052631579
4 0.537828947368421 0.3347039473684211 0.05016447368421053 0.0805921052631579
4 0.14884868421052633 0.49917763157894735 0.14720394736842105 0.14802631578947367
4 0.32894736842105265 0.3717105263157895 0.09375 0.09786184210526316
4 0.3314144736842105 0.4613486842105263 0.11101973684210527 0.12006578947368421
4 0.421875 0.3675986842105263 0.0756578947368421 0.09210526315789473
4 0.4432565789473684 0.3050986842105263 0.05098684210526316 0.06332236842105263
2 0.08799342105263158 0.7080592105263158 0.07976973684210527 0.18009868421052633
2 0.5189144736842105 0.43832236842105265 0.02631578947368421 0.08963815789473684
2 0.0962171052631579 0.6208881578947368 0.0649671052631579 0.14884868421052633
4 0.5838815789473685 0.2738486842105263 0.03536184210526316 0.06907894736842106
4 0.5394736842105263 0.25411184210526316 0.03289473684210526 0.06825657894736842
3 0.6768092105263158 0.33963815789473684 0.013980263157894737 0.06332236842105263