1 0.5180921052631579 0.5756578947368421 0.046052631578947366 0.1299342105263158
4 0.24177631578947367 0.5616776315789473 0.15871710526315788 0.17434210526315788
4 0.4292763157894737 0.3495065789473684 0.0805921052631579 0.09868421052631579
4 0.5008223684210527 0.37088815789473684 0.055098684210526314 0.07483552631578948
3 0.6389802631578947 0.9358552631578947 0.061677631578947366 0.12664473684210525
3 0.6430921052631579 0.8050986842105263 0.046875 0.16858552631578946
3 0.6792763157894737 0.5723684210526315 0.027138157894736843 0.1118421052631579
3 0.5550986842105263 0.944078947368421 0.07730263157894737 0.1069078947368421
3 0.5575657894736842 0.9054276315789473 0.06332236842105263 0.16282894736842105
2 0.13898026315789475 0.5756578947368421 0.06907894736842106 0.13815789473684212
2 0.18092105263157895 0.49506578947368424 0.055098684210526314 0.11430921052631579
2 0.29523026315789475 0.4564144736842105 0.05098684210526316 0.09210526315789473
2 0.3379934210526316 0.4161184210526316 0.049342105263157895 0.09210526315789473
2 0.4432565789473684 0.4786184210526316 0.04111842105263158 0.11924342105263158