1 0.42598684210526316 0.4786184210526316 0.03782894736842105 0.12582236842105263
4 0.6875 0.6595394736842105 0.17351973684210525 0.21710526315789475
4 0.6677631578947368 0.44819078947368424 0.0962171052631579 0.12335526315789473
4 0.7993421052631579 0.4564144736842105 0.13898026315789475 0.140625
4 0.5115131578947368 0.37582236842105265 0.0625 0.08552631578947369
4 0.5625 0.4473684210526316 0.08799342105263158 0.11348684210526316
4 0.6060855263157895 0.32976973684210525 0.07072368421052631 0.07483552631578948
2 0.8873355263157895 0.6398026315789473 0.07236842105263158 0.15213815789473684
4 0.44161184210526316 0.3092105263157895 0.03700657894736842 0.061677631578947366
3 0.32894736842105265 0.5904605263157895 0.03453947368421053 0.10279605263157894
3 0.32648026315789475 0.4004934210526316 0.02138157894736842 0.06990131578947369
3 0.3100328947368421 0.6726973684210527 0.03042763157894737 0.13651315789473684
2 0.9490131578947368 0.9243421052631579 0.10115131578947369 0.14884868421052633
2 0.4777960526315789 0.4399671052631579 0.03618421052631579 0.09703947368421052