1 0.484375 0.7113486842105263 0.061677631578947366 0.17845394736842105
4 0.21875 0.709703947368421 0.21134868421052633 0.2944078947368421
4 0.29605263157894735 0.4975328947368421 0.12746710526315788 0.13733552631578946
4 0.4432565789473684 0.34457236842105265 0.08141447368421052 0.10279605263157894
4 0.17023026315789475 0.4868421052631579 0.16282894736842105 0.16529605263157895
4 0.515625 0.27960526315789475 0.04029605263157895 0.0625
2 0.40707236842105265 0.5912828947368421 0.05263157894736842 0.13815789473684212
2 0.28618421052631576 0.8388157894736842 0.08223684210526316 0.22286184210526316
4 0.569078947368421 0.28536184210526316 0.039473684210526314 0.06578947368421052
2 0.41036184210526316 0.47944078947368424 0.05180921052631579 0.11266447368421052
4 0.3824013157894737 0.34292763157894735 0.06825657894736842 0.07401315789473684
2 0.30838815789473684 0.3848684210526316 0.04358552631578947 0.08305921052631579
2 0.4786184210526316 0.4761513157894737 0.04029605263157895 0.10855263157894737