0 0.5921052631578947 0.4284539473684211 0.028782894736842105 0.08552631578947369
4 0.53125 0.33963815789473684 0.05674342105263158 0.07976973684210527
2 0.2524671052631579 0.5978618421052632 0.054276315789473686 0.16611842105263158
2 0.40707236842105265 0.48026315789473684 0.03536184210526316 0.10444078947368421
4 0.4613486842105263 0.28618421052631576 0.05180921052631579 0.061677631578947366
4 0.05921052631578947 0.7853618421052632 0.11513157894736842 0.22779605263157895
4 0.5197368421052632 0.27960526315789475 0.03453947368421053 0.05756578947368421
2 0.20888157894736842 0.7228618421052632 0.07154605263157894 0.16365131578947367
4 0.03042763157894737 0.6233552631578947 0.060032894736842105 0.16036184210526316
2 0.2590460526315789 0.8141447368421053 0.06907894736842106 0.19983552631578946
2 0.4095394736842105 0.38569078947368424 0.03453947368421053 0.07976973684210527