1 0.5625 0.5773026315789473 0.044407894736842105 0.14802631578947367
4 0.23519736842105263 0.7203947368421053 0.20476973684210525 0.24917763157894737
4 0.4819078947368421 0.40789473684210525 0.07401315789473684 0.09868421052631579
4 0.125 0.5164473684210527 0.14884868421052633 0.1669407894736842
4 0.3725328947368421 0.38569078947368424 0.10279605263157894 0.13404605263157895
4 0.24424342105263158 0.5550986842105263 0.17434210526315788 0.1768092105263158
4 0.5320723684210527 0.31661184210526316 0.04276315789473684 0.08141447368421052
4 0.4777960526315789 0.32401315789473684 0.05016447368421053 0.08634868421052631
2 0.32976973684210525 0.5304276315789473 0.046875 0.1356907894736842
2 0.24177631578947367 0.4440789473684211 0.044407894736842105 0.08963815789473684
2 0.38651315789473684 0.47368421052631576 0.04358552631578947 0.10855263157894737
2 0.5337171052631579 0.4457236842105263 0.032072368421052634 0.08388157894736842