1 0.42351973684210525 0.8486842105263158 0.06743421052631579 0.18421052631578946
4 0.28207236842105265 0.7146381578947368 0.20970394736842105 0.25082236842105265
4 0.35773026315789475 0.4243421052631579 0.11101973684210527 0.13486842105263158
4 0.08470394736842106 0.709703947368421 0.16776315789473684 0.23355263157894737
4 0.25 0.42680921052631576 0.11677631578947369 0.11842105263157894
4 0.4868421052631579 0.32319078947368424 0.05592105263157895 0.07401315789473684
4 0.540296052631579 0.3495065789473684 0.055098684210526314 0.07236842105263158
4 0.5550986842105263 0.30756578947368424 0.03782894736842105 0.05921052631578947
2 0.26644736842105265 0.5822368421052632 0.054276315789473686 0.10279605263157894
3 0.5945723684210527 0.8141447368421053 0.05838815789473684 0.16036184210526316
2 0.453125 0.6299342105263158 0.06085526315789474 0.1611842105263158
2 0.36019736842105265 0.7697368421052632 0.06990131578947369 0.21217105263157895