1 0.5625 0.7631578947368421 0.06661184210526316 0.18585526315789475
4 0.8223684210526315 0.5773026315789473 0.19654605263157895 0.23766447368421054
4 0.537828947368421 0.34292763157894735 0.07319078947368421 0.10361842105263158
4 0.59375 0.4777960526315789 0.10361842105263158 0.12171052631578948
4 0.4942434210526316 0.5435855263157895 0.09950657894736842 0.14802631578947367
4 0.694078947368421 0.3930921052631579 0.08552631578947369 0.0962171052631579
3 0.44243421052631576 0.9432565789473685 0.06332236842105263 0.1118421052631579
2 0.6998355263157895 0.4506578947368421 0.04851973684210526 0.10115131578947369
2 0.506578947368421 0.4194078947368421 0.028782894736842105 0.08141447368421052
2 0.9004934210526315 0.555921052631579 0.044407894736842105 0.12417763157894737
2 0.5493421052631579 0.3873355263157895 0.03125 0.06990131578947369