1 0.421875 0.4440789473684211 0.039473684210526314 0.10032894736842106
4 0.7154605263157895 0.6751644736842105 0.18832236842105263 0.23766447368421054
4 0.7384868421052632 0.5123355263157895 0.13980263157894737 0.14884868421052633
4 0.9185855263157895 0.5386513157894737 0.15953947368421054 0.22697368421052633
4 0.6866776315789473 0.37664473684210525 0.09292763157894737 0.09539473684210527
4 0.5633223684210527 0.4564144736842105 0.0912828947368421 0.12582236842105263
4 0.5814144736842105 0.3684210526315789 0.07236842105263158 0.10115131578947369
4 0.41776315789473684 0.37911184210526316 0.05345394736842105 0.08305921052631579
4 0.4407894736842105 0.30756578947368424 0.038651315789473686 0.05838815789473684
4 0.48848684210526316 0.35444078947368424 0.05345394736842105 0.07976973684210527
4 0.4284539473684211 0.27960526315789475 0.03453947368421053 0.06825657894736842