1 0.45148026315789475 0.5608552631578947 0.05016447368421053 0.1356907894736842
4 0.7195723684210527 0.6365131578947368 0.2393092105263158 0.32894736842105265
4 0.5148026315789473 0.3996710526315789 0.06578947368421052 0.09046052631578948
4 0.8939144736842105 0.6685855263157895 0.21052631578947367 0.26726973684210525
4 0.46381578947368424 0.3379934210526316 0.05098684210526316 0.08552631578947369
4 0.5279605263157895 0.31414473684210525 0.06332236842105263 0.08552631578947369
4 0.6381578947368421 0.4152960526315789 0.09950657894736842 0.11842105263157894
4 0.7442434210526315 0.3980263157894737 0.1356907894736842 0.1669407894736842
4 0.6644736842105263 0.29769736842105265 0.16611842105263158 0.12006578947368421
4 0.4777960526315789 0.2902960526315789 0.04029605263157895 0.0625
2 0.7302631578947368 0.9161184210526315 0.14226973684210525 0.14638157894736842
3 0.3256578947368421 0.49917763157894735 0.023026315789473683 0.08634868421052631
2 0.578125 0.6611842105263158 0.06990131578947369 0.1513157894736842
4 0.6036184210526315 0.3371710526315789 0.05921052631578947 0.0805921052631579
2 0.4613486842105263 0.41776315789473684 0.03618421052631579 0.07976973684210527