1 0.47368421052631576 0.584703947368421 0.03700657894736842 0.14638157894736842
4 0.7319078947368421 0.4925986842105263 0.14884868421052633 0.15871710526315788
4 0.6266447368421053 0.602796052631579 0.14473684210526316 0.19325657894736842
4 0.9416118421052632 0.6011513157894737 0.11430921052631579 0.2080592105263158
4 0.5287828947368421 0.3815789473684211 0.06990131578947369 0.09539473684210527
2 0.5345394736842105 0.4654605263157895 0.03618421052631579 0.09868421052631579
4 0.6274671052631579 0.34786184210526316 0.06743421052631579 0.0756578947368421
4 0.4506578947368421 0.3149671052631579 0.04194078947368421 0.06414473684210527
4 0.4243421052631579 0.2787828947368421 0.038651315789473686 0.05592105263157895
4 0.49917763157894735 0.296875 0.046875 0.06743421052631579
4 0.9572368421052632 0.7796052631578947 0.08223684210526316 0.22697368421052633
3 0.4309210526315789 0.40131578947368424 0.015625 0.0805921052631579
2 0.6167763157894737 0.4375 0.03618421052631579 0.09457236842105263