1 0.5435855263157895 0.6463815789473685 0.046052631578947366 0.15296052631578946
4 0.20970394736842105 0.7927631578947368 0.2294407894736842 0.3873355263157895
4 0.4786184210526316 0.46381578947368424 0.08634868421052631 0.12417763157894737
4 0.32648026315789475 0.3692434210526316 0.09539473684210527 0.10032894736842106
4 0.5254934210526315 0.34539473684210525 0.05016447368421053 0.0756578947368421
4 0.2080592105263158 0.5386513157894737 0.17105263157894737 0.19983552631578946
4 0.5748355263157895 0.3059210526315789 0.03700657894736842 0.0625
4 0.4300986842105263 0.30180921052631576 0.054276315789473686 0.07730263157894737
4 0.4819078947368421 0.31661184210526316 0.039473684210526314 0.07236842105263158
4 0.12417763157894737 0.5123355263157895 0.10115131578947369 0.13075657894736842
4 0.4399671052631579 0.36019736842105265 0.08470394736842106 0.09292763157894737
2 0.2935855263157895 0.5296052631578947 0.05592105263157895 0.11924342105263158
2 0.3840460526315789 0.46710526315789475 0.046875 0.11019736842105263
2 0.1299342105263158 0.6800986842105263 0.08634868421052631 0.17105263157894737