1 0.5460526315789473 0.7442434210526315 0.04851973684210526 0.17105263157894737
4 0.5953947368421053 0.3824013157894737 0.08799342105263158 0.10115131578947369
4 0.5 0.30180921052631576 0.04851973684210526 0.06907894736842106
4 0.4819078947368421 0.36019736842105265 0.055098684210526314 0.07319078947368421
4 0.7417763157894737 0.4194078947368421 0.10361842105263158 0.109375
2 0.875 0.5773026315789473 0.05838815789473684 0.12911184210526316
2 0.9095394736842105 0.8733552631578947 0.09292763157894737 0.20641447368421054
4 0.4629934210526316 0.2713815789473684 0.032072368421052634 0.046052631578947366
3 0.3939144736842105 0.7976973684210527 0.05674342105263158 0.15789473684210525
3 0.34786184210526316 0.9375 0.046052631578947366 0.1118421052631579
2 0.5 0.4300986842105263 0.04194078947368421 0.10444078947368421