0 0.5526315789473685 0.46463815789473684 0.03289473684210526 0.10444078947368421
4 0.21299342105263158 0.8231907894736842 0.22532894736842105 0.33305921052631576
4 0.4621710526315789 0.4309210526315789 0.08881578947368421 0.11924342105263158
4 0.2746710526315789 0.5139802631578947 0.14144736842105263 0.14309210526315788
4 0.3412828947368421 0.35855263157894735 0.08881578947368421 0.10032894736842106
4 0.5666118421052632 0.3503289473684211 0.05592105263157895 0.06743421052631579
4 0.05674342105263158 0.6258223684210527 0.11101973684210527 0.18585526315789475
4 0.5230263157894737 0.2870065789473684 0.03618421052631579 0.06085526315789474
2 0.3873355263157895 0.5600328947368421 0.05180921052631579 0.1356907894736842
4 0.5567434210526315 0.24259868421052633 0.03536184210526316 0.05756578947368421
4 0.4761513157894737 0.3207236842105263 0.05263157894736842 0.08388157894736842
3 0.6299342105263158 0.8478618421052632 0.05098684210526316 0.14226973684210525
3 0.6504934210526315 0.6241776315789473 0.04194078947368421 0.1299342105263158