1 0.4629934210526316 0.5953947368421053 0.04358552631578947 0.14967105263157895
4 0.84375 0.5016447368421053 0.14638157894736842 0.14967105263157895
4 0.6546052631578947 0.37911184210526316 0.09046052631578948 0.09210526315789473
2 0.7993421052631579 0.6800986842105263 0.06907894736842106 0.16529605263157895
4 0.5008223684210527 0.30180921052631576 0.047697368421052634 0.05674342105263158
4 0.9572368421052632 0.78125 0.08223684210526316 0.2294407894736842
3 0.3569078947368421 0.6398026315789473 0.046052631578947366 0.13486842105263158
3 0.3149671052631579 0.6373355263157895 0.05180921052631579 0.12171052631578948
2 0.6636513157894737 0.46957236842105265 0.05016447368421053 0.09786184210526316
2 0.5180921052631579 0.37335526315789475 0.032072368421052634 0.0756578947368421
2 0.5452302631578947 0.35526315789473684 0.03782894736842105 0.07401315789473684