1 0.41036184210526316 0.5106907894736842 0.03289473684210526 0.11019736842105263
4 0.6792763157894737 0.5550986842105263 0.14391447368421054 0.16036184210526316
4 0.5904605263157895 0.40707236842105265 0.09950657894736842 0.09703947368421052
4 0.48601973684210525 0.5049342105263158 0.08963815789473684 0.12582236842105263
4 0.6241776315789473 0.33963815789473684 0.07154605263157894 0.07976973684210527
2 0.694078947368421 0.7195723684210527 0.06578947368421052 0.17845394736842105
4 0.5304276315789473 0.3495065789473684 0.054276315789473686 0.078125
4 0.4300986842105263 0.36348684210526316 0.054276315789473686 0.07730263157894737
4 0.9613486842105263 0.7508223684210527 0.0756578947368421 0.2138157894736842
4 0.7319078947368421 0.4375 0.10526315789473684 0.125
2 0.8577302631578947 0.875 0.07894736842105263 0.21546052631578946
4 0.43256578947368424 0.30838815789473684 0.04276315789473684 0.06332236842105263
4 0.4629934210526316 0.24095394736842105 0.039473684210526314 0.07154605263157894
3 0.32730263157894735 0.5633223684210527 0.03125 0.109375
3 0.40707236842105265 0.509046052631579 0.028782894736842105 0.09703947368421052
3 0.8577302631578947 0.8651315789473685 0.0756578947368421 0.20394736842105263
2 0.5485197368421053 0.48519736842105265 0.05016447368421053 0.1118421052631579
2 0.7006578947368421 0.46957236842105265 0.05016447368421053 0.09868421052631579
2 0.743421052631579 0.46875 0.04523026315789474 0.1069078947368421