1 0.506578947368421 0.6776315789473685 0.04111842105263158 0.16940789473684212
4 0.2837171052631579 0.5008223684210527 0.12746710526315788 0.13733552631578946
4 0.4967105263157895 0.30838815789473684 0.05180921052631579 0.06990131578947369
4 0.21710526315789475 0.4350328947368421 0.12582236842105263 0.14720394736842105
4 0.42351973684210525 0.3675986842105263 0.078125 0.0912828947368421
2 0.3026315789473684 0.7088815789473685 0.06825657894736842 0.17598684210526316
4 0.038651315789473686 0.7417763157894737 0.07483552631578948 0.2450657894736842
4 0.3939144736842105 0.32976973684210525 0.0649671052631579 0.06743421052631579
2 0.15542763157894737 0.7376644736842105 0.07072368421052631 0.17598684210526316
4 0.5740131578947368 0.28207236842105265 0.032072368421052634 0.05016447368421053
3 0.6324013157894737 0.759046052631579 0.04029605263157895 0.1455592105263158
3 0.6800986842105263 0.5254934210526315 0.023848684210526317 0.10279605263157894
3 0.48519736842105265 0.3848684210526316 0.024671052631578948 0.06414473684210527