1 0.49835526315789475 0.6019736842105263 0.05180921052631579 0.140625
1 0.4465460526315789 0.506578947368421 0.03536184210526316 0.11595394736842106
4 0.6677631578947368 0.4449013157894737 0.11842105263157894 0.12911184210526316
4 0.5361842105263158 0.42269736842105265 0.0805921052631579 0.11759868421052631
4 0.515625 0.31085526315789475 0.049342105263157895 0.06907894736842106
4 0.7582236842105263 0.4342105263157895 0.10361842105263158 0.1118421052631579
2 0.9481907894736842 0.8273026315789473 0.08799342105263158 0.21710526315789475
4 0.47944078947368424 0.33305921052631576 0.05016447368421053 0.0756578947368421
4 0.5879934210526315 0.3215460526315789 0.05345394736842105 0.07319078947368421
4 0.4276315789473684 0.36101973684210525 0.04358552631578947 0.07236842105263158
3 0.3314144736842105 0.553453947368421 0.03125 0.10361842105263158
2 0.5904605263157895 0.36019736842105265 0.03618421052631579 0.06825657894736842