1 0.48026315789473684 0.6208881578947368 0.047697368421052634 0.16036184210526316
1 0.5953947368421053 0.8955592105263158 0.06743421052631579 0.19325657894736842
4 0.6768092105263158 0.46381578947368424 0.1069078947368421 0.11924342105263158
4 0.765625 0.43667763157894735 0.1356907894736842 0.14309210526315788
4 0.5583881578947368 0.2590460526315789 0.07730263157894737 0.10032894736842106
4 0.8273026315789473 0.8569078947368421 0.23273026315789475 0.27055921052631576
4 0.44161184210526316 0.28289473684210525 0.03700657894736842 0.06332236842105263
4 0.7425986842105263 0.8585526315789473 0.3824013157894737 0.2722039473684211
4 0.5123355263157895 0.31743421052631576 0.060032894736842105 0.08141447368421052
2 0.5855263157894737 0.3675986842105263 0.027138157894736843 0.07401315789473684
3 0.34292763157894735 0.7294407894736842 0.04851973684210526 0.15871710526315788