0 0.4276315789473684 0.44161184210526316 0.02549342105263158 0.09868421052631579
4 0.7212171052631579 0.662828947368421 0.17269736842105263 0.22121710526315788
4 0.5180921052631579 0.43832236842105265 0.07648026315789473 0.10773026315789473
4 0.7006578947368421 0.48848684210526316 0.13651315789473684 0.13486842105263158
4 0.5172697368421053 0.3100328947368421 0.055098684210526314 0.06414473684210527
4 0.48519736842105265 0.3503289473684211 0.05756578947368421 0.08305921052631579
4 0.8141447368421053 0.3560855263157895 0.26151315789473684 0.21628289473684212
4 0.7014802631578947 0.3667763157894737 0.10526315789473684 0.12006578947368421
4 0.5888157894736842 0.3182565789473684 0.054276315789473686 0.06578947368421052
2 0.8955592105263158 0.6430921052631579 0.06990131578947369 0.15460526315789475
4 0.9514802631578947 0.6217105263157895 0.09457236842105263 0.17023026315789475
3 0.3215460526315789 0.5263157894736842 0.023026315789473683 0.10361842105263158