0 0.5057565789473685 0.6324013157894737 0.054276315789473686 0.14391447368421054
4 0.5600328947368421 0.43585526315789475 0.0805921052631579 0.10608552631578948
4 0.45476973684210525 0.40213815789473684 0.13980263157894737 0.23684210526315788
4 0.9004934210526315 0.665296052631579 0.19572368421052633 0.3223684210526316
2 0.7360197368421053 0.6175986842105263 0.0649671052631579 0.16282894736842105
2 0.6546052631578947 0.40625 0.033717105263157895 0.08388157894736842
4 0.6167763157894737 0.33223684210526316 0.05674342105263158 0.06661184210526316
3 0.4276315789473684 0.9185855263157895 0.049342105263157895 0.16036184210526316
2 0.8421052631578947 0.8610197368421053 0.10115131578947369 0.23519736842105263
2 0.725328947368421 0.5164473684210527 0.054276315789473686 0.12088815789473684
2 0.828125 0.4876644736842105 0.06578947368421052 0.11924342105263158
2 0.7442434210526315 0.4185855263157895 0.05674342105263158 0.09210526315789473