1 0.45394736842105265 0.5180921052631579 0.033717105263157895 0.13404605263157895
4 0.625 0.4967105263157895 0.15789473684210525 0.2138157894736842
4 0.7162828947368421 0.4777960526315789 0.12006578947368421 0.14638157894736842
4 0.4967105263157895 0.3774671052631579 0.06085526315789474 0.0756578947368421
4 0.5682565789473685 0.3560855263157895 0.07401315789473684 0.09292763157894737
4 0.7039473684210527 0.3996710526315789 0.11677631578947369 0.1118421052631579
4 0.4457236842105263 0.2902960526315789 0.039473684210526314 0.0912828947368421
4 0.5016447368421053 0.3001644736842105 0.04111842105263158 0.06578947368421052
4 0.6208881578947368 0.28207236842105265 0.1069078947368421 0.11513157894736842
2 0.5822368421052632 0.8799342105263158 0.07730263157894737 0.22039473684210525
3 0.3100328947368421 0.6759868421052632 0.03289473684210526 0.13486842105263158
2 0.8083881578947368 0.8651315789473685 0.09210526315789473 0.20394736842105263