1 0.555921052631579 0.4868421052631579 0.02138157894736842 0.08963815789473684
4 0.2902960526315789 0.6546052631578947 0.17351973684210525 0.20970394736842105
4 0.46381578947368424 0.33963815789473684 0.054276315789473686 0.07483552631578948
4 0.29851973684210525 0.484375 0.1225328947368421 0.1455592105263158
4 0.06907894736842106 0.7319078947368421 0.13733552631578946 0.31085526315789475
4 0.48026315789473684 0.390625 0.06907894736842106 0.10279605263157894
4 0.26151315789473684 0.4128289473684211 0.11677631578947369 0.12417763157894737
4 0.515625 0.28207236842105265 0.04029605263157895 0.06907894736842106
4 0.40625 0.3248355263157895 0.06661184210526316 0.0756578947368421
4 0.5526315789473685 0.24753289473684212 0.03453947368421053 0.06085526315789474
3 0.6389802631578947 0.7401315789473685 0.04358552631578947 0.13075657894736842