1 0.5699013157894737 0.6743421052631579 0.0625 0.1611842105263158
4 0.7853618421052632 0.571546052631579 0.17516447368421054 0.18009868421052633
4 0.6019736842105263 0.3840460526315789 0.0912828947368421 0.09703947368421052
4 0.8791118421052632 0.5164473684210527 0.18832236842105263 0.21463815789473684
4 0.647203947368421 0.35526315789473684 0.08141447368421052 0.08717105263157894
4 0.5320723684210527 0.328125 0.054276315789473686 0.07319078947368421
2 0.5699013157894737 0.680921052631579 0.05016447368421053 0.17763157894736842
2 0.7195723684210527 0.65625 0.060032894736842105 0.15460526315789475
3 0.38898026315789475 0.868421052631579 0.05592105263157895 0.15542763157894737
3 0.3503289473684211 0.5978618421052632 0.03536184210526316 0.10608552631578948
3 0.31414473684210525 0.5929276315789473 0.03125 0.10608552631578948
2 0.6504934210526315 0.5024671052631579 0.04851973684210526 0.1299342105263158
2 0.53125 0.4712171052631579 0.04194078947368421 0.109375