0 0.634046052631579 0.9087171052631579 0.08305921052631579 0.18092105263157895
4 0.5616776315789473 0.5032894736842105 0.10526315789473684 0.1299342105263158
4 0.7491776315789473 0.5197368421052632 0.14391447368421054 0.17434210526315788
4 0.9021381578947368 0.8856907894736842 0.19407894736842105 0.21546052631578946
4 0.48026315789473684 0.2870065789473684 0.039473684210526314 0.05674342105263158
4 0.4276315789473684 0.2689144736842105 0.03536184210526316 0.06743421052631579
4 0.625 0.34786184210526316 0.06661184210526316 0.0756578947368421
2 0.6587171052631579 0.5024671052631579 0.04276315789473684 0.11266447368421052
4 0.5641447368421053 0.3527960526315789 0.06990131578947369 0.10032894736842106
4 0.7384868421052632 0.4243421052631579 0.12417763157894737 0.1118421052631579
3 0.3092105263157895 0.5328947368421053 0.028782894736842105 0.11266447368421052
3 0.33305921052631576 0.7606907894736842 0.046875 0.140625
3 0.40789473684210525 0.9095394736842105 0.05921052631578947 0.1669407894736842