1 0.5501644736842105 0.5180921052631579 0.049342105263157895 0.11924342105263158
4 0.2870065789473684 0.649671052631579 0.18174342105263158 0.21546052631578946
4 0.3207236842105263 0.4588815789473684 0.11348684210526316 0.12417763157894737
4 0.07648026315789473 0.5592105263157895 0.15213815789473684 0.19654605263157895
4 0.46463815789473684 0.4120065789473684 0.07648026315789473 0.10855263157894737
4 0.5592105263157895 0.4284539473684211 0.07319078947368421 0.1069078947368421
4 0.34375 0.3651315789473684 0.07730263157894737 0.07894736842105263
4 0.5361842105263158 0.3314144736842105 0.04851973684210526 0.06990131578947369
4 0.06332236842105263 0.7541118421052632 0.12006578947368421 0.26480263157894735
4 0.4251644736842105 0.3675986842105263 0.08799342105263158 0.09457236842105263
2 0.20065789473684212 0.6274671052631579 0.05180921052631579 0.15296052631578946
2 0.4629934210526316 0.4901315789473684 0.05016447368421053 0.11595394736842106