1 0.4868421052631579 0.6973684210526315 0.039473684210526314 0.16611842105263158
1 0.5254934210526315 0.5748355263157895 0.04029605263157895 0.14638157894736842
4 0.11101973684210527 0.6735197368421053 0.21299342105263158 0.2779605263157895
2 0.34292763157894735 0.5394736842105263 0.046875 0.12335526315789473
2 0.3026315789473684 0.4555921052631579 0.03700657894736842 0.1069078947368421
4 0.16529605263157895 0.4909539473684211 0.13322368421052633 0.11924342105263158
2 0.4136513157894737 0.37911184210526316 0.028782894736842105 0.0756578947368421
4 0.5370065789473685 0.2738486842105263 0.03618421052631579 0.05345394736842105
4 0.47039473684210525 0.32319078947368424 0.05345394736842105 0.07483552631578948
3 0.6554276315789473 0.5789473684210527 0.027960526315789474 0.109375
2 0.34868421052631576 0.3963815789473684 0.03700657894736842 0.09292763157894737
2 0.3248355263157895 0.3717105263157895 0.028782894736842105 0.078125