1 0.45476973684210525 0.625 0.05263157894736842 0.17105263157894737
4 0.5797697368421053 0.37664473684210525 0.07401315789473684 0.08717105263157894
4 0.9300986842105263 0.5723684210526315 0.13898026315789475 0.19161184210526316
4 0.515625 0.3026315789473684 0.05345394736842105 0.08388157894736842
4 0.7376644736842105 0.4136513157894737 0.11677631578947369 0.11430921052631579
4 0.6060855263157895 0.3215460526315789 0.06661184210526316 0.078125
2 0.734375 0.6175986842105263 0.05180921052631579 0.13486842105263158
2 0.7861842105263158 0.7606907894736842 0.07894736842105263 0.1825657894736842
4 0.9350328947368421 0.7623355263157895 0.12664473684210525 0.26726973684210525
2 0.7154605263157895 0.4876644736842105 0.044407894736842105 0.11266447368421052
2 0.6126644736842105 0.5024671052631579 0.05016447368421053 0.11430921052631579
4 0.4498355263157895 0.2993421052631579 0.039473684210526314 0.05345394736842105
3 0.3067434210526316 0.6726973684210527 0.032072368421052634 0.13075657894736842
3 0.3511513157894737 0.6661184210526315 0.038651315789473686 0.14309210526315788
2 0.8511513157894737 0.5518092105263158 0.060032894736842105 0.12417763157894737