1 0.5213815789473685 0.696546052631579 0.039473684210526314 0.15789473684210525
4 0.21217105263157895 0.5723684210526315 0.16611842105263158 0.17763157894736842
4 0.3651315789473684 0.3511513157894737 0.09375 0.08963815789473684
4 0.125 0.5139802631578947 0.15871710526315788 0.16282894736842105
4 0.46875 0.3305921052631579 0.05921052631578947 0.078125
4 0.4564144736842105 0.4251644736842105 0.08552631578947369 0.1069078947368421
4 0.5370065789473685 0.3067434210526316 0.046875 0.08305921052631579
2 0.36019736842105265 0.615953947368421 0.05921052631578947 0.19325657894736842
2 0.12417763157894737 0.8421052631578947 0.08799342105263158 0.22203947368421054
2 0.2837171052631579 0.4498355263157895 0.04358552631578947 0.09046052631578948
2 0.36348684210526316 0.42269736842105265 0.04276315789473684 0.08634868421052631
3 0.6743421052631579 0.5822368421052632 0.03782894736842105 0.1069078947368421