1 0.578125 0.4506578947368421 0.024671052631578948 0.10032894736842106
4 0.33881578947368424 0.569078947368421 0.13404605263157895 0.17598684210526316
4 0.3215460526315789 0.4588815789473684 0.10608552631578948 0.12335526315789473
4 0.08799342105263158 0.5271381578947368 0.17351973684210525 0.18832236842105263
4 0.4432565789473684 0.3412828947368421 0.06661184210526316 0.09457236842105263
4 0.08799342105263158 0.6669407894736842 0.17269736842105263 0.19490131578947367
4 0.5139802631578947 0.39555921052631576 0.06907894736842106 0.08717105263157894
4 0.3519736842105263 0.3503289473684211 0.07894736842105263 0.08388157894736842
4 0.49835526315789475 0.3067434210526316 0.038651315789473686 0.05921052631578947
4 0.4457236842105263 0.3223684210526316 0.05756578947368421 0.08305921052631579
4 0.5838815789473685 0.25082236842105265 0.04029605263157895 0.07401315789473684
4 0.5485197368421053 0.3223684210526316 0.04111842105263158 0.061677631578947366
3 0.5863486842105263 0.9087171052631579 0.04851973684210526 0.14967105263157895
3 0.6389802631578947 0.725328947368421 0.044407894736842105 0.14144736842105263
3 0.6735197368421053 0.5131578947368421 0.023848684210526317 0.09786184210526316
3 0.6677631578947368 0.7458881578947368 0.03453947368421053 0.13980263157894737