0 0.4473684210526316 0.46463815789473684 0.03289473684210526 0.10444078947368421
4 0.7870065789473685 0.8231907894736842 0.22532894736842105 0.33305921052631576
4 0.537828947368421 0.4309210526315789 0.08881578947368421 0.11924342105263158
4 0.725328947368421 0.5139802631578947 0.14144736842105263 0.14309210526315788
4 0.6587171052631579 0.35855263157894735 0.08881578947368421 0.10032894736842106
4 0.43338815789473684 0.3503289473684211 0.05592105263157895 0.06743421052631579
4 0.9432565789473685 0.6258223684210527 0.11101973684210527 0.18585526315789475
4 0.4769736842105263 0.2870065789473684 0.03618421052631579 0.06085526315789474
2 0.6126644736842105 0.5600328947368421 0.05180921052631579 0.1356907894736842
4 0.4432565789473684 0.24259868421052633 0.03536184210526316 0.05756578947368421
4 0.5238486842105263 0.3207236842105263 0.05263157894736842 0.08388157894736842
3 0.37006578947368424 0.8478618421052632 0.05098684210526316 0.14226973684210525
3 0.3495065789473684 0.6241776315789473 0.04194078947368421 0.1299342105263158