1 0.6192434210526315 0.9194078947368421 0.07401315789473684 0.15871710526315788
4 0.65625 0.524671052631579 0.13404605263157895 0.14638157894736842
4 0.912828947368421 0.5649671052631579 0.17351973684210525 0.19901315789473684
4 0.7319078947368421 0.8248355263157895 0.22121710526315788 0.3338815789473684
4 0.4720394736842105 0.34539473684210525 0.054276315789473686 0.0756578947368421
4 0.5008223684210527 0.30756578947368424 0.046875 0.06990131578947369
2 0.6957236842105263 0.4432565789473684 0.039473684210526314 0.09210526315789473
2 0.8741776315789473 0.703125 0.07648026315789473 0.18832236842105263
4 0.5805921052631579 0.31743421052631576 0.05921052631578947 0.06825657894736842
3 0.32648026315789475 0.5213815789473685 0.023026315789473683 0.09786184210526316
3 0.36101973684210525 0.5830592105263158 0.03618421052631579 0.109375