1 0.5896381578947368 0.8601973684210527 0.061677631578947366 0.2080592105263158
1 0.45805921052631576 0.45805921052631576 0.03618421052631579 0.11266447368421052
4 0.6019736842105263 0.3824013157894737 0.09046052631578948 0.09786184210526316
4 0.571546052631579 0.31743421052631576 0.047697368421052634 0.07154605263157894
4 0.7615131578947368 0.4284539473684211 0.11513157894736842 0.11595394736842106
4 0.5024671052631579 0.31167763157894735 0.046875 0.05921052631578947
4 0.4276315789473684 0.2524671052631579 0.032072368421052634 0.0625
2 0.7944078947368421 0.6570723684210527 0.06825657894736842 0.15789473684210525
4 0.4621710526315789 0.27713815789473684 0.033717105263157895 0.055098684210526314
2 0.8774671052631579 0.8601973684210527 0.08223684210526316 0.1924342105263158
2 0.65625 0.5666118421052632 0.04851973684210526 0.14638157894736842
2 0.7796052631578947 0.5008223684210527 0.054276315789473686 0.109375
2 0.7763157894736842 0.555921052631579 0.05921052631578947 0.12582236842105263