1 0.5189144736842105 0.8256578947368421 0.05345394736842105 0.17269736842105263
4 0.4975328947368421 0.37006578947368424 0.07648026315789473 0.09292763157894737
4 0.5189144736842105 0.31332236842105265 0.05016447368421053 0.0756578947368421
4 0.5986842105263158 0.37582236842105265 0.07976973684210527 0.09457236842105263
4 0.6990131578947368 0.390625 0.1069078947368421 0.11348684210526316
4 0.9399671052631579 0.5575657894736842 0.11842105263157894 0.1669407894736842
4 0.9350328947368421 0.7055921052631579 0.12746710526315788 0.22121710526315788
4 0.44243421052631576 0.3034539473684211 0.05098684210526316 0.07730263157894737
4 0.6636513157894737 0.8963815789473685 0.2722039473684211 0.20230263157894737
4 0.4819078947368421 0.2845394736842105 0.038651315789473686 0.06085526315789474
2 0.9333881578947368 0.8536184210526315 0.08963815789473684 0.21957236842105263
4 0.6661184210526315 0.2935855263157895 0.08141447368421052 0.09457236842105263
2 0.7236842105263158 0.4876644736842105 0.05756578947368421 0.11348684210526316
3 0.3527960526315789 0.756578947368421 0.04358552631578947 0.1299342105263158
2 0.46792763157894735 0.5411184210526315 0.038651315789473686 0.11595394736842106
2 0.5814144736842105 0.5131578947368421 0.04276315789473684 0.1118421052631579