1 0.569078947368421 0.8125 0.061677631578947366 0.20394736842105263
4 0.8758223684210527 0.6554276315789473 0.18996710526315788 0.20641447368421054
4 0.5657894736842105 0.34210526315789475 0.06085526315789474 0.07976973684210527
4 0.6348684210526315 0.4128289473684211 0.09457236842105263 0.11266447368421052
4 0.7886513157894737 0.34539473684210525 0.21792763157894737 0.1768092105263158
4 0.7310855263157895 0.41036184210526316 0.10526315789473684 0.10773026315789473
4 0.8708881578947368 0.8396381578947368 0.2574013157894737 0.3034539473684211
4 0.4506578947368421 0.30756578947368424 0.04029605263157895 0.07483552631578948
4 0.5 0.30180921052631576 0.03782894736842105 0.061677631578947366
4 0.5699013157894737 0.3248355263157895 0.06085526315789474 0.09046052631578948
2 0.8634868421052632 0.5328947368421053 0.054276315789473686 0.10115131578947369
2 0.5748355263157895 0.42105263157894735 0.03700657894736842 0.09868421052631579