0 0.4432565789473684 0.53125 0.04276315789473684 0.14309210526315788
4 0.6019736842105263 0.5041118421052632 0.1299342105263158 0.16858552631578946
4 0.665296052631579 0.4342105263157895 0.12335526315789473 0.140625
4 0.8807565789473685 0.8955592105263158 0.22039473684210525 0.19161184210526316
4 0.9375 0.587171052631579 0.11842105263157894 0.18174342105263158
4 0.555921052631579 0.33305921052631576 0.06085526315789474 0.08141447368421052
4 0.5016447368421053 0.35773026315789475 0.05263157894736842 0.07154605263157894
4 0.45805921052631576 0.28289473684210525 0.04194078947368421 0.07236842105263158
4 0.75 0.4284539473684211 0.10526315789473684 0.10773026315789473
4 0.9712171052631579 0.7697368421052632 0.05674342105263158 0.22039473684210525
2 0.5057565789473685 0.5164473684210527 0.046875 0.12911184210526316