1 0.5263157894736842 0.6726973684210527 0.0649671052631579 0.1513157894736842
4 0.7220394736842105 0.48930921052631576 0.14473684210526316 0.1513157894736842
4 0.5740131578947368 0.3659539473684211 0.07401315789473684 0.09046052631578948
4 0.7664473684210527 0.7697368421052632 0.2582236842105263 0.43914473684210525
4 0.6430921052631579 0.36019736842105265 0.0756578947368421 0.07976973684210527
4 0.48601973684210525 0.36348684210526316 0.05921052631578947 0.08634868421052631
2 0.8930921052631579 0.6685855263157895 0.07236842105263158 0.14967105263157895
4 0.5995065789473685 0.3182565789473684 0.04523026315789474 0.07154605263157894
4 0.9605263157894737 0.6241776315789473 0.07648026315789473 0.17845394736842105
4 0.4761513157894737 0.2837171052631579 0.04029605263157895 0.061677631578947366
2 0.8083881578947368 0.4745065789473684 0.060032894736842105 0.11019736842105263