1 0.4745065789473684 0.8519736842105263 0.05921052631578947 0.16529605263157895
4 0.37582236842105265 0.7467105263157895 0.19736842105263158 0.28289473684210525
4 0.34375 0.5394736842105263 0.14144736842105263 0.16365131578947367
4 0.2837171052631579 0.4613486842105263 0.12911184210526316 0.15707236842105263
4 0.10526315789473684 0.6603618421052632 0.2080592105263158 0.26069078947368424
4 0.5172697368421053 0.3371710526315789 0.049342105263157895 0.07976973684210527
4 0.4876644736842105 0.42269736842105265 0.08799342105263158 0.11759868421052631
4 0.42269736842105265 0.31743421052631576 0.0649671052631579 0.08388157894736842
3 0.6776315789473685 0.4786184210526316 0.023026315789473683 0.09703947368421052
2 0.540296052631579 0.4597039473684211 0.03125 0.1118421052631579
2 0.13240131578947367 0.9325657894736842 0.10444078947368421 0.13404605263157895