1 0.2680921052631579 0.865953947368421 0.0912828947368421 0.17105263157894737
1 0.5419407894736842 0.5953947368421053 0.04276315789473684 0.12664473684210525
1 0.5106907894736842 0.5501644736842105 0.04276315789473684 0.12335526315789473
4 0.3215460526315789 0.5962171052631579 0.16858552631578946 0.22286184210526316
4 0.18174342105263158 0.4712171052631579 0.14144736842105263 0.14226973684210525
4 0.39226973684210525 0.3684210526315789 0.10526315789473684 0.125
4 0.46463815789473684 0.4251644736842105 0.08881578947368421 0.10279605263157894
4 0.5493421052631579 0.4128289473684211 0.06332236842105263 0.09457236842105263
2 0.15625 0.5921052631578947 0.0649671052631579 0.12911184210526316
4 0.5254934210526315 0.30180921052631576 0.047697368421052634 0.07319078947368421
4 0.4605263157894737 0.30838815789473684 0.05016447368421053 0.08470394736842106