1 0.48601973684210525 0.7689144736842105 0.061677631578947366 0.18092105263157895
4 0.3939144736842105 0.524671052631579 0.11677631578947369 0.14309210526315788
4 0.23190789473684212 0.5304276315789473 0.140625 0.15707236842105263
4 0.43667763157894735 0.33963815789473684 0.05921052631578947 0.07730263157894737
4 0.2393092105263158 0.4342105263157895 0.11677631578947369 0.10197368421052631
2 0.1825657894736842 0.7023026315789473 0.06907894736842106 0.17516447368421054
4 0.40707236842105265 0.28289473684210525 0.05592105263157895 0.07401315789473684
2 0.30098684210526316 0.821546052631579 0.07236842105263158 0.19983552631578946
2 0.2598684210526316 0.5740131578947368 0.055098684210526314 0.13075657894736842
2 0.3223684210526316 0.42680921052631576 0.046875 0.09292763157894737
2 0.3659539473684211 0.3996710526315789 0.044407894736842105 0.08717105263157894
2 0.3930921052631579 0.4276315789473684 0.032072368421052634 0.07976973684210527