1 0.6233552631578947 0.915296052631579 0.078125 0.16858552631578946
4 0.743421052631579 0.5041118421052632 0.14391447368421054 0.15296052631578946
4 0.7162828947368421 0.6463815789473685 0.1768092105263158 0.24588815789473684
4 0.4662828947368421 0.4440789473684211 0.08470394736842106 0.11595394736842106
4 0.5452302631578947 0.3980263157894737 0.07483552631578948 0.11513157894736842
4 0.43256578947368424 0.3569078947368421 0.05098684210526316 0.07236842105263158
4 0.4934210526315789 0.2902960526315789 0.04358552631578947 0.08141447368421052
4 0.5575657894736842 0.3026315789473684 0.05263157894736842 0.06990131578947369
3 0.4128289473684211 0.8379934210526315 0.044407894736842105 0.19736842105263158
3 0.34868421052631576 0.6907894736842105 0.039473684210526314 0.13651315789473684
3 0.4284539473684211 0.9259868421052632 0.0625 0.14638157894736842