1 0.522203947368421 0.6274671052631579 0.04194078947368421 0.16036184210526316
4 0.12006578947368421 0.634046052631579 0.234375 0.296875
4 0.3536184210526316 0.3972039473684211 0.10773026315789473 0.1455592105263158
4 0.34375 0.5814144736842105 0.13733552631578946 0.16611842105263158
4 0.524671052631579 0.34539473684210525 0.05263157894736842 0.07401315789473684
4 0.41776315789473684 0.3157894736842105 0.061677631578947366 0.08141447368421052
4 0.3042763157894737 0.31332236842105265 0.18503289473684212 0.15707236842105263
4 0.569078947368421 0.2902960526315789 0.03700657894736842 0.061677631578947366
3 0.6932565789473685 0.5896381578947368 0.03125 0.11266447368421052
2 0.38569078947368424 0.45805921052631576 0.04111842105263158 0.10115131578947369
4 0.21710526315789475 0.4597039473684211 0.1356907894736842 0.13075657894736842