1 0.4901315789473684 0.662828947368421 0.05674342105263158 0.16282894736842105
4 0.39473684210526316 0.3840460526315789 0.08799342105263158 0.09786184210526316
4 0.07976973684210527 0.6463815789473685 0.15707236842105263 0.2623355263157895
4 0.43338815789473684 0.45394736842105265 0.09375 0.12828947368421054
4 0.5649671052631579 0.3782894736842105 0.061677631578947366 0.08881578947368421
4 0.5123355263157895 0.3404605263157895 0.054276315789473686 0.07730263157894737
2 0.1455592105263158 0.8116776315789473 0.08223684210526316 0.18585526315789475
4 0.587171052631579 0.32401315789473684 0.03536184210526316 0.061677631578947366
3 0.6447368421052632 0.7541118421052632 0.04358552631578947 0.16282894736842105
3 0.5863486842105263 0.8396381578947368 0.046052631578947366 0.19736842105263158
3 0.5707236842105263 0.928453947368421 0.07154605263157894 0.140625
2 0.18338815789473684 0.46710526315789475 0.05592105263157895 0.11430921052631579