1 0.578125 0.4597039473684211 0.03042763157894737 0.10279605263157894
4 0.45148026315789475 0.43585526315789475 0.10526315789473684 0.1455592105263158
4 0.2779605263157895 0.647203947368421 0.21792763157894737 0.28618421052631576
4 0.11430921052631579 0.5394736842105263 0.17763157894736842 0.19078947368421054
4 0.3347039473684211 0.44243421052631576 0.10608552631578948 0.12171052631578948
4 0.3659539473684211 0.34375 0.08388157894736842 0.08963815789473684
4 0.5172697368421053 0.36101973684210525 0.05263157894736842 0.06990131578947369
4 0.5592105263157895 0.31332236842105265 0.03700657894736842 0.05674342105263158
2 0.07401315789473684 0.7828947368421053 0.08799342105263158 0.18667763157894737
4 0.48848684210526316 0.3157894736842105 0.04523026315789474 0.0625
3 0.6702302631578947 0.5822368421052632 0.033717105263157895 0.11430921052631579
2 0.47368421052631576 0.5106907894736842 0.05592105263157895 0.12088815789473684
2 0.5263157894736842 0.4498355263157895 0.03289473684210526 0.09539473684210527