1 0.5287828947368421 0.6595394736842105 0.0625 0.17105263157894737
4 0.29276315789473684 0.47039473684210525 0.13240131578947367 0.16365131578947367
4 0.4432565789473684 0.3371710526315789 0.07072368421052631 0.10279605263157894
4 0.17351973684210525 0.7713815789473685 0.27631578947368424 0.4128289473684211
4 0.44819078947368424 0.44819078947368424 0.08717105263157894 0.11348684210526316
4 0.5172697368421053 0.35855263157894735 0.055098684210526314 0.07894736842105263
4 0.15789473684210525 0.46957236842105265 0.19572368421052633 0.23273026315789475
4 0.5542763157894737 0.2993421052631579 0.038651315789473686 0.06907894736842106
2 0.4769736842105263 0.5279605263157895 0.04029605263157895 0.11348684210526316
4 0.3462171052631579 0.3684210526315789 0.07730263157894737 0.07894736842105263
4 0.5049342105263158 0.2993421052631579 0.04523026315789474 0.0625
3 0.6735197368421053 0.4769736842105263 0.022203947368421052 0.08305921052631579