1 0.5435855263157895 0.709703947368421 0.05838815789473684 0.17105263157894737
1 0.4777960526315789 0.5699013157894737 0.04194078947368421 0.1299342105263158
4 0.6175986842105263 0.5337171052631579 0.12417763157894737 0.18092105263157895
4 0.7960526315789473 0.553453947368421 0.18009868421052633 0.21052631578947367
4 0.5172697368421053 0.3848684210526316 0.07401315789473684 0.09539473684210527
4 0.9054276315789473 0.537828947368421 0.12746710526315788 0.1513157894736842
4 0.44243421052631576 0.3873355263157895 0.05921052631578947 0.08470394736842106
4 0.5485197368421053 0.3371710526315789 0.06332236842105263 0.08634868421052631
4 0.4925986842105263 0.3092105263157895 0.047697368421052634 0.0756578947368421
3 0.3314144736842105 0.5805921052631579 0.03042763157894737 0.11019736842105263
2 0.6554276315789473 0.4095394736842105 0.04029605263157895 0.08470394736842106
4 0.6414473684210527 0.35526315789473684 0.07730263157894737 0.078125