1 0.5435855263157895 0.8314144736842105 0.055098684210526314 0.19407894736842105
4 0.6439144736842105 0.40707236842105265 0.09950657894736842 0.13075657894736842
4 0.7138157894736842 0.6192434210526315 0.15871710526315788 0.19654605263157895
4 0.8766447368421053 0.6455592105263158 0.1768092105263158 0.20394736842105263
4 0.8445723684210527 0.4934210526315789 0.15296052631578946 0.15213815789473684
4 0.44161184210526316 0.39473684210526316 0.06578947368421052 0.09868421052631579
4 0.5476973684210527 0.5189144736842105 0.1225328947368421 0.15871710526315788
4 0.5485197368421053 0.43338815789473684 0.08634868421052631 0.11595394736842106
4 0.5296052631578947 0.3190789473684211 0.054276315789473686 0.08881578947368421
4 0.4613486842105263 0.3207236842105263 0.044407894736842105 0.07401315789473684
4 0.9120065789473685 0.897203947368421 0.16940789473684212 0.19490131578947367
4 0.48273026315789475 0.3569078947368421 0.046052631578947366 0.07154605263157894
4 0.5394736842105263 0.4152960526315789 0.08141447368421052 0.10115131578947369
4 0.4276315789473684 0.2565789473684211 0.03618421052631579 0.06907894736842106
3 0.3215460526315789 0.34375 0.01644736842105263 0.08717105263157894
2 0.6751644736842105 0.5074013157894737 0.05756578947368421 0.10279605263157894
2 0.7302631578947368 0.5205592105263158 0.07648026315789473 0.13404605263157895