0 0.40213815789473684 0.4555921052631579 0.04276315789473684 0.09539473684210527
4 0.571546052631579 0.47368421052631576 0.10361842105263158 0.13240131578947367
4 0.7368421052631579 0.49835526315789475 0.13651315789473684 0.16365131578947367
4 0.5197368421052632 0.3207236842105263 0.05016447368421053 0.06825657894736842
4 0.9243421052631579 0.7598684210526315 0.14967105263157895 0.30180921052631576
2 0.7195723684210527 0.6241776315789473 0.0649671052631579 0.16447368421052633
4 0.6603618421052632 0.3675986842105263 0.07730263157894737 0.08881578947368421
4 0.5797697368421053 0.35855263157894735 0.078125 0.10855263157894737
4 0.4449013157894737 0.2935855263157895 0.049342105263157895 0.08634868421052631
3 0.3363486842105263 0.4399671052631579 0.024671052631578948 0.08388157894736842
2 0.8675986842105263 0.5419407894736842 0.060032894736842105 0.12417763157894737
2 0.7713815789473685 0.4309210526315789 0.05098684210526316 0.0962171052631579
2 0.7993421052631579 0.4868421052631579 0.04851973684210526 0.11595394736842106
2 0.8939144736842105 0.8174342105263158 0.10361842105263158 0.1924342105263158
2 0.899671052631579 0.9120065789473685 0.10855263157894737 0.17434210526315788