1 0.45148026315789475 0.584703947368421 0.060032894736842105 0.16529605263157895
4 0.11842105263157894 0.609375 0.21546052631578946 0.25164473684210525
4 0.12171052631578948 0.8470394736842105 0.24177631578947367 0.2878289473684211
4 0.45476973684210525 0.3379934210526316 0.05180921052631579 0.06990131578947369
2 0.2894736842105263 0.5863486842105263 0.05263157894736842 0.13733552631578946
4 0.3782894736842105 0.3782894736842105 0.1069078947368421 0.1299342105263158
4 0.4810855263157895 0.28042763157894735 0.047697368421052634 0.05263157894736842
4 0.5189144736842105 0.3536184210526316 0.054276315789473686 0.0756578947368421
4 0.37335526315789475 0.34868421052631576 0.10115131578947369 0.11513157894736842
2 0.3815789473684211 0.5493421052631579 0.047697368421052634 0.125
4 0.5148026315789473 0.3026315789473684 0.04276315789473684 0.0625
3 0.6726973684210527 0.5106907894736842 0.02549342105263158 0.08881578947368421