1 0.49588815789473684 0.6299342105263158 0.04194078947368421 0.13157894736842105
4 0.5542763157894737 0.47286184210526316 0.09375 0.125
4 0.8330592105263158 0.587171052631579 0.19736842105263158 0.21628289473684212
4 0.678453947368421 0.3807565789473684 0.08470394736842106 0.08881578947368421
4 0.8725328947368421 0.8297697368421053 0.2524671052631579 0.2902960526315789
4 0.553453947368421 0.3560855263157895 0.06578947368421052 0.08141447368421052
4 0.46957236842105265 0.34292763157894735 0.049342105263157895 0.07483552631578948
4 0.39555921052631576 0.3059210526315789 0.03782894736842105 0.05592105263157895
4 0.5509868421052632 0.3067434210526316 0.060032894736842105 0.08470394736842106
3 0.3684210526315789 0.7162828947368421 0.047697368421052634 0.1611842105263158
3 0.36019736842105265 0.8643092105263158 0.0625 0.16611842105263158
3 0.3207236842105263 0.32319078947368424 0.011513157894736841 0.05921052631578947
2 0.9375 0.6085526315789473 0.06990131578947369 0.13404605263157895
2 0.7532894736842105 0.46381578947368424 0.054276315789473686 0.0912828947368421
2 0.821546052631579 0.4720394736842105 0.055098684210526314 0.08881578947368421
2 0.6299342105263158 0.4465460526315789 0.04276315789473684 0.09046052631578948