1 0.5041118421052632 0.6011513157894737 0.04111842105263158 0.14309210526315788
0 0.4300986842105263 0.4712171052631579 0.024671052631578948 0.09786184210526316
4 0.6389802631578947 0.40625 0.109375 0.13157894736842105
4 0.8577302631578947 0.6603618421052632 0.19407894736842105 0.21546052631578946
4 0.9111842105263158 0.5600328947368421 0.15296052631578946 0.15871710526315788
4 0.5328947368421053 0.4185855263157895 0.08552631578947369 0.11430921052631579
2 0.7631578947368421 0.49588815789473684 0.046875 0.1118421052631579
4 0.5337171052631579 0.328125 0.06085526315789474 0.08388157894736842
2 0.8955592105263158 0.897203947368421 0.10526315789473684 0.18914473684210525
4 0.4720394736842105 0.34210526315789475 0.05016447368421053 0.07236842105263158
2 0.7417763157894737 0.6981907894736842 0.060032894736842105 0.15953947368421054