0 0.4745065789473684 0.5657894736842105 0.03289473684210526 0.10773026315789473
4 0.8404605263157895 0.5970394736842105 0.21628289473684212 0.22121710526315788
4 0.6546052631578947 0.5674342105263158 0.16365131578947367 0.21710526315789475
4 0.5337171052631579 0.3190789473684211 0.06085526315789474 0.08305921052631579
4 0.5115131578947368 0.39226973684210525 0.07072368421052631 0.09786184210526316
4 0.6175986842105263 0.38980263157894735 0.08963815789473684 0.10608552631578948
4 0.805921052631579 0.4473684210526316 0.13980263157894737 0.12582236842105263
4 0.5493421052631579 0.3050986842105263 0.05838815789473684 0.0805921052631579
4 0.47368421052631576 0.3199013157894737 0.049342105263157895 0.09292763157894737
2 0.5263157894736842 0.4564144736842105 0.03700657894736842 0.11595394736842106
2 0.4753289473684211 0.42269736842105265 0.02549342105263158 0.07976973684210527