1 0.5 0.7014802631578947 0.046052631578947366 0.1455592105263158
1 0.4605263157894737 0.524671052631579 0.03700657894736842 0.11513157894736842
4 0.7335526315789473 0.5139802631578947 0.1356907894736842 0.14884868421052633
4 0.884046052631579 0.5254934210526315 0.15953947368421054 0.16858552631578946
4 0.4243421052631579 0.34786184210526316 0.044407894736842105 0.06661184210526316
4 0.8363486842105263 0.834703947368421 0.24095394736842105 0.3092105263157895
4 0.5394736842105263 0.3338815789473684 0.05592105263157895 0.06825657894736842
2 0.9506578947368421 0.7598684210526315 0.07976973684210527 0.18174342105263158
4 0.5106907894736842 0.27631578947368424 0.05016447368421053 0.061677631578947366
3 0.3930921052631579 0.7491776315789473 0.04276315789473684 0.14720394736842105
3 0.3215460526315789 0.5419407894736842 0.02549342105263158 0.10444078947368421
3 0.3256578947368421 0.43832236842105265 0.022203947368421052 0.08141447368421052