1 0.4375 0.53125 0.039473684210526314 0.13157894736842105
4 0.7442434210526315 0.515625 0.16858552631578946 0.21134868421052633
4 0.5172697368421053 0.31743421052631576 0.04523026315789474 0.06907894736842106
4 0.5666118421052632 0.4449013157894737 0.08799342105263158 0.1069078947368421
4 0.5822368421052632 0.3651315789473684 0.08305921052631579 0.0962171052631579
4 0.9037828947368421 0.5444078947368421 0.1875 0.19325657894736842
2 0.6817434210526315 0.6866776315789473 0.061677631578947366 0.17763157894736842
4 0.45230263157894735 0.3199013157894737 0.04358552631578947 0.06990131578947369
4 0.6036184210526315 0.33223684210526316 0.06661184210526316 0.07976973684210527
4 0.4777960526315789 0.2779605263157895 0.03700657894736842 0.05592105263157895
3 0.4152960526315789 0.9202302631578947 0.05345394736842105 0.14226973684210525
2 0.6225328947368421 0.5740131578947368 0.0625 0.15213815789473684