1 0.5049342105263158 0.506578947368421 0.038651315789473686 0.13980263157894737
4 0.7927631578947368 0.7639802631578947 0.23026315789473684 0.39144736842105265
4 0.587171052631579 0.42269736842105265 0.09457236842105263 0.1118421052631579
4 0.6398026315789473 0.3527960526315789 0.08717105263157894 0.08881578947368421
4 0.4276315789473684 0.47944078947368424 0.10115131578947369 0.12335526315789473
4 0.7689144736842105 0.4506578947368421 0.13322368421052633 0.109375
4 0.8988486842105263 0.678453947368421 0.20065789473684212 0.2944078947368421
4 0.48848684210526316 0.28618421052631576 0.054276315789473686 0.07730263157894737
4 0.5600328947368421 0.34210526315789475 0.061677631578947366 0.08388157894736842
2 0.7162828947368421 0.4761513157894737 0.04276315789473684 0.11348684210526316
4 0.5649671052631579 0.3207236842105263 0.061677631578947366 0.08388157894736842
3 0.35444078947368424 0.7935855263157895 0.04276315789473684 0.14720394736842105
2 0.6208881578947368 0.7203947368421053 0.05674342105263158 0.18421052631578946
2 0.5995065789473685 0.5789473684210527 0.05345394736842105 0.1455592105263158
2 0.9671052631578947 0.5995065789473685 0.0649671052631579 0.16858552631578946