1 0.4506578947368421 0.4975328947368421 0.033717105263157895 0.09868421052631579
1 0.40213815789473684 0.4465460526315789 0.028782894736842105 0.09046052631578948
2 0.787828947368421 0.6356907894736842 0.06332236842105263 0.1455592105263158
2 0.850328947368421 0.5723684210526315 0.06085526315789474 0.14720394736842105
4 0.5970394736842105 0.3412828947368421 0.07072368421052631 0.08881578947368421
2 0.8116776315789473 0.7738486842105263 0.07648026315789473 0.1825657894736842
4 0.5074013157894737 0.39144736842105265 0.07072368421052631 0.08141447368421052
2 0.5838815789473685 0.4087171052631579 0.03700657894736842 0.0805921052631579
3 0.32730263157894735 0.4465460526315789 0.024671052631578948 0.09046052631578948
2 0.6875 0.5123355263157895 0.05098684210526316 0.11595394736842106
2 0.921875 0.5518092105263158 0.060032894736842105 0.1356907894736842
2 0.9695723684210527 0.6455592105263158 0.060032894736842105 0.171875
2 0.6052631578947368 0.3675986842105263 0.03453947368421053 0.0805921052631579