1 0.6192434210526315 0.9161184210526315 0.07976973684210527 0.16611842105263158
4 0.6414473684210527 0.6069078947368421 0.1513157894736842 0.19654605263157895
4 0.8075657894736842 0.4720394736842105 0.14144736842105263 0.12911184210526316
4 0.5024671052631579 0.3840460526315789 0.07072368421052631 0.09457236842105263
2 0.7894736842105263 0.6208881578947368 0.060032894736842105 0.13733552631578946
4 0.5945723684210527 0.3190789473684211 0.06990131578947369 0.08305921052631579
4 0.6225328947368421 0.42105263157894735 0.0962171052631579 0.09703947368421052
4 0.5 0.3001644736842105 0.04111842105263158 0.06990131578947369
3 0.3560855263157895 0.6587171052631579 0.04276315789473684 0.140625
3 0.3725328947368421 0.8495065789473685 0.05098684210526316 0.13733552631578946
2 0.5476973684210527 0.4613486842105263 0.03782894736842105 0.1069078947368421