1 0.5929276315789473 0.8297697368421053 0.05921052631578947 0.1981907894736842
4 0.8717105263157895 0.5164473684210527 0.15953947368421054 0.1669407894736842
2 0.8050986842105263 0.678453947368421 0.06085526315789474 0.1455592105263158
4 0.4917763157894737 0.3067434210526316 0.04523026315789474 0.06332236842105263
2 0.6274671052631579 0.4029605263157895 0.03700657894736842 0.10279605263157894
2 0.696546052631579 0.5699013157894737 0.060032894736842105 0.14802631578947367
3 0.3067434210526316 0.5953947368421053 0.03042763157894737 0.1299342105263158
2 0.5625 0.5032894736842105 0.04358552631578947 0.11019736842105263
2 0.7047697368421053 0.49588815789473684 0.046875 0.11019736842105263
2 0.6907894736842105 0.42680921052631576 0.04276315789473684 0.08963815789473684
2 0.7129934210526315 0.805921052631579 0.08552631578947369 0.20230263157894737