1 0.5271381578947368 0.6546052631578947 0.04358552631578947 0.17598684210526316
4 0.5674342105263158 0.31085526315789475 0.060032894736842105 0.0756578947368421
4 0.7203947368421053 0.4087171052631579 0.10855263157894737 0.10608552631578948
4 0.6101973684210527 0.3939144736842105 0.09210526315789473 0.11266447368421052
4 0.46875 0.4136513157894737 0.06578947368421052 0.0962171052631579
2 0.7689144736842105 0.537828947368421 0.05345394736842105 0.11759868421052631
4 0.4810855263157895 0.3190789473684211 0.05098684210526316 0.0756578947368421
4 0.4095394736842105 0.3050986842105263 0.039473684210526314 0.06907894736842106
2 0.930921052631579 0.6554276315789473 0.06825657894736842 0.140625
4 0.48601973684210525 0.32976973684210525 0.044407894736842105 0.06332236842105263
4 0.4136513157894737 0.2886513157894737 0.046875 0.08141447368421052
3 0.35773026315789475 0.9004934210526315 0.054276315789473686 0.171875
2 0.5016447368421053 0.4967105263157895 0.04851973684210526 0.12417763157894737
2 0.6217105263157895 0.48355263157894735 0.04194078947368421 0.09703947368421052
1 0.9555921052631579 0.7763157894736842 0.07648026315789473 0.18009868421052633
2 0.8717105263157895 0.5476973684210527 0.07483552631578948 0.12828947368421054