1 0.5493421052631579 0.4975328947368421 0.033717105263157895 0.09868421052631579
1 0.5978618421052632 0.4465460526315789 0.028782894736842105 0.09046052631578948
2 0.21217105263157895 0.6356907894736842 0.06332236842105263 0.1455592105263158
2 0.14967105263157895 0.5723684210526315 0.06085526315789474 0.14720394736842105
4 0.4029605263157895 0.3412828947368421 0.07072368421052631 0.08881578947368421
2 0.18832236842105263 0.7738486842105263 0.07648026315789473 0.1825657894736842
4 0.4925986842105263 0.39144736842105265 0.07072368421052631 0.08141447368421052
2 0.4161184210526316 0.4087171052631579 0.03700657894736842 0.0805921052631579
3 0.6726973684210527 0.4465460526315789 0.024671052631578948 0.09046052631578948
2 0.3125 0.5123355263157895 0.05098684210526316 0.11595394736842106
2 0.078125 0.5518092105263158 0.060032894736842105 0.1356907894736842
2 0.03042763157894737 0.6455592105263158 0.060032894736842105 0.171875
2 0.39473684210526316 0.3675986842105263 0.03453947368421053 0.0805921052631579