1 0.4243421052631579 0.5435855263157895 0.03453947368421053 0.10115131578947369
1 0.44161184210526316 0.484375 0.03042763157894737 0.109375
4 0.9243421052631579 0.571546052631579 0.14967105263157895 0.18914473684210525
4 0.5962171052631579 0.4925986842105263 0.10773026315789473 0.13404605263157895
4 0.5074013157894737 0.37664473684210525 0.08634868421052631 0.10444078947368421
4 0.6603618421052632 0.3717105263157895 0.09375 0.09868421052631579
4 0.7072368421052632 0.3314144736842105 0.08963815789473684 0.09046052631578948
4 0.8865131578947368 0.8618421052631579 0.22615131578947367 0.2631578947368421
2 0.7442434210526315 0.6175986842105263 0.05345394736842105 0.14638157894736842
4 0.6151315789473685 0.3972039473684211 0.08634868421052631 0.11842105263157894
4 0.4975328947368421 0.2886513157894737 0.044407894736842105 0.06990131578947369
4 0.44901315789473684 0.31661184210526316 0.054276315789473686 0.0912828947368421
2 0.743421052631579 0.881578947368421 0.08963815789473684 0.22203947368421054
2 0.8634868421052632 0.6842105263157895 0.08223684210526316 0.13651315789473684