1 0.4810855263157895 0.6833881578947368 0.05263157894736842 0.15707236842105263
4 0.7705592105263158 0.5345394736842105 0.16200657894736842 0.18585526315789475
4 0.5271381578947368 0.5912828947368421 0.12746710526315788 0.20230263157894737
4 0.587171052631579 0.4564144736842105 0.10279605263157894 0.11924342105263158
4 0.4819078947368421 0.3840460526315789 0.07236842105263158 0.09703947368421052
4 0.634046052631579 0.38980263157894735 0.09292763157894737 0.12664473684210525
2 0.850328947368421 0.7179276315789473 0.0756578947368421 0.16529605263157895
4 0.4613486842105263 0.31085526315789475 0.055098684210526314 0.08470394736842106
4 0.5345394736842105 0.3125 0.07730263157894737 0.09046052631578948
2 0.8379934210526315 0.9054276315789473 0.11019736842105263 0.16529605263157895
2 0.7088815789473685 0.743421052631579 0.07648026315789473 0.18174342105263158