1 0.42351973684210525 0.44243421052631576 0.027960526315789474 0.09457236842105263
4 0.8898026315789473 0.6554276315789473 0.19572368421052633 0.20394736842105263
4 0.7245065789473685 0.640625 0.16529605263157895 0.2236842105263158
4 0.7976973684210527 0.4605263157894737 0.14720394736842105 0.14802631578947367
4 0.59375 0.3930921052631579 0.08634868421052631 0.09868421052631579
4 0.6587171052631579 0.36101973684210525 0.08223684210526316 0.09292763157894737
4 0.5123355263157895 0.3092105263157895 0.05016447368421053 0.06907894736842106
2 0.7055921052631579 0.4613486842105263 0.047697368421052634 0.10773026315789473
2 0.5032894736842105 0.48930921052631576 0.04358552631578947 0.11348684210526316
3 0.3207236842105263 0.4925986842105263 0.024671052631578948 0.10032894736842106
3 0.34786184210526316 0.5978618421052632 0.03700657894736842 0.0962171052631579
2 0.7384868421052632 0.540296052631579 0.05016447368421053 0.10608552631578948
2 0.5674342105263158 0.41694078947368424 0.038651315789473686 0.09210526315789473
3 0.3157894736842105 0.5888157894736842 0.03125 0.09868421052631579