1 0.5616776315789473 0.5657894736842105 0.04111842105263158 0.1299342105263158
4 0.29276315789473684 0.8075657894736842 0.22450657894736842 0.35855263157894735
4 0.234375 0.4243421052631579 0.1225328947368421 0.14144736842105263
4 0.3972039473684211 0.3930921052631579 0.09375 0.109375
4 0.4753289473684211 0.4037828947368421 0.06661184210526316 0.10032894736842106
4 0.4786184210526316 0.3157894736842105 0.04851973684210526 0.07976973684210527
4 0.08141447368421052 0.7310855263157895 0.15871710526315788 0.2689144736842105
2 0.21628289473684212 0.5789473684210527 0.05921052631578947 0.14309210526315788
4 0.40131578947368424 0.32730263157894735 0.07319078947368421 0.07894736842105263
3 0.6529605263157895 0.6595394736842105 0.04194078947368421 0.13240131578947367
3 0.5805921052631579 0.8955592105263158 0.05263157894736842 0.18092105263157895
2 0.06414473684210527 0.6044407894736842 0.07072368421052631 0.10279605263157894