1 0.4605263157894737 0.5287828947368421 0.04523026315789474 0.12088815789473684
4 0.7327302631578947 0.7088815789473685 0.18996710526315788 0.26069078947368424
4 0.59375 0.4901315789473684 0.11759868421052631 0.15213815789473684
4 0.7861842105263158 0.5287828947368421 0.19161184210526316 0.2689144736842105
4 0.6546052631578947 0.4120065789473684 0.10197368421052631 0.16858552631578946
4 0.4712171052631579 0.43667763157894735 0.07648026315789473 0.11430921052631579
4 0.4917763157894737 0.37335526315789475 0.05674342105263158 0.11430921052631579
4 0.4457236842105263 0.3067434210526316 0.047697368421052634 0.06743421052631579
4 0.9605263157894737 0.6282894736842105 0.07648026315789473 0.16447368421052633
4 0.8166118421052632 0.5641447368421053 0.13815789473684212 0.18585526315789475
2 0.9029605263157895 0.5855263157894737 0.05674342105263158 0.13240131578947367