1 0.3930921052631579 0.9054276315789473 0.07730263157894737 0.1875
1 0.48601973684210525 0.6677631578947368 0.05756578947368421 0.17763157894736842
4 0.4152960526315789 0.46792763157894735 0.11348684210526316 0.13651315789473684
4 0.5370065789473685 0.4292763157894737 0.07154605263157894 0.09703947368421052
4 0.203125 0.7952302631578947 0.22615131578947367 0.3692434210526316
4 0.27960526315789475 0.40460526315789475 0.09868421052631579 0.0962171052631579
4 0.4004934210526316 0.3815789473684211 0.08799342105263158 0.10197368421052631
2 0.23273026315789475 0.49588815789473684 0.049342105263157895 0.12088815789473684
4 0.48026315789473684 0.30838815789473684 0.046052631578947366 0.08141447368421052
4 0.4292763157894737 0.3059210526315789 0.054276315789473686 0.06332236842105263
4 0.05592105263157895 0.7417763157894737 0.11101973684210527 0.3338815789473684
4 0.484375 0.29194078947368424 0.04358552631578947 0.078125
3 0.662828947368421 0.6069078947368421 0.033717105263157895 0.11348684210526316