1 0.4605263157894737 0.5361842105263158 0.03700657894736842 0.11348684210526316
1 0.515625 0.5254934210526315 0.03700657894736842 0.12417763157894737
1 0.6241776315789473 0.8585526315789473 0.06825657894736842 0.1981907894736842
4 0.8207236842105263 0.615953947368421 0.22203947368421054 0.24917763157894737
4 0.8766447368421053 0.524671052631579 0.15542763157894737 0.1513157894736842
4 0.5139802631578947 0.3059210526315789 0.05345394736842105 0.07154605263157894
4 0.6167763157894737 0.3824013157894737 0.09210526315789473 0.11595394736842106
4 0.48848684210526316 0.3626644736842105 0.06332236842105263 0.08470394736842106
4 0.43832236842105265 0.31085526315789475 0.044407894736842105 0.06743421052631579
2 0.5526315789473685 0.38898026315789475 0.02549342105263158 0.078125
3 0.34539473684210525 0.9276315789473685 0.05756578947368421 0.12664473684210525
3 0.33305921052631576 0.5641447368421053 0.02631578947368421 0.109375