1 0.5254934210526315 0.834703947368421 0.05756578947368421 0.1768092105263158
1 0.46463815789473684 0.6118421052631579 0.04111842105263158 0.13733552631578946
4 0.6792763157894737 0.6513157894736842 0.16940789473684212 0.21792763157894737
4 0.5197368421052632 0.40131578947368424 0.06907894736842106 0.09292763157894737
4 0.6529605263157895 0.4449013157894737 0.1118421052631579 0.13404605263157895
4 0.5008223684210527 0.3067434210526316 0.046875 0.07483552631578948
4 0.5773026315789473 0.3692434210526316 0.0625 0.0805921052631579
4 0.6751644736842105 0.3684210526315789 0.08305921052631579 0.09703947368421052
4 0.9350328947368421 0.5986842105263158 0.1225328947368421 0.20559210526315788
4 0.4432565789473684 0.3026315789473684 0.039473684210526314 0.07236842105263158
2 0.7697368421052632 0.47944078947368424 0.044407894736842105 0.11019736842105263
3 0.35526315789473684 0.6611842105263158 0.046875 0.125