1 0.6151315789473685 0.9194078947368421 0.0756578947368421 0.15871710526315788
4 0.9136513157894737 0.5773026315789473 0.17105263157894737 0.19983552631578946
4 0.5764802631578947 0.31085526315789475 0.05756578947368421 0.07401315789473684
2 0.7368421052631579 0.6258223684210527 0.06332236842105263 0.15789473684210525
4 0.6175986842105263 0.38898026315789475 0.08963815789473684 0.1069078947368421
4 0.5542763157894737 0.3495065789473684 0.05592105263157895 0.08141447368421052
4 0.4909539473684211 0.2886513157894737 0.04111842105263158 0.06085526315789474
2 0.7401315789473685 0.5016447368421053 0.04851973684210526 0.11595394736842106
2 0.9202302631578947 0.7623355263157895 0.08305921052631579 0.17598684210526316
2 0.850328947368421 0.609375 0.07894736842105263 0.14638157894736842
3 0.34868421052631576 0.6036184210526315 0.04111842105263158 0.10855263157894737
2 0.6875 0.38898026315789475 0.03700657894736842 0.078125