1 0.4350328947368421 0.6192434210526315 0.05016447368421053 0.14638157894736842
1 0.42351973684210525 0.5337171052631579 0.033717105263157895 0.08881578947368421
0 0.5822368421052632 0.884046052631579 0.07483552631578948 0.17763157894736842
4 0.5526315789473685 0.6578947368421053 0.14309210526315788 0.2236842105263158
4 0.7763157894736842 0.6907894736842105 0.4457236842105263 0.602796052631579
4 0.45148026315789475 0.3774671052631579 0.05592105263157895 0.0756578947368421
4 0.45148026315789475 0.3207236842105263 0.04358552631578947 0.06825657894736842
4 0.5131578947368421 0.31332236842105265 0.04851973684210526 0.05921052631578947
4 0.42351973684210525 0.2837171052631579 0.04111842105263158 0.06907894736842106
3 0.33881578947368424 0.48519736842105265 0.022203947368421052 0.10115131578947369
3 0.3618421052631579 0.8001644736842105 0.05180921052631579 0.14967105263157895
2 0.553453947368421 0.421875 0.03700657894736842 0.08552631578947369