1 0.5024671052631579 0.6546052631578947 0.05180921052631579 0.15789473684210525
4 0.7212171052631579 0.6069078947368421 0.19901315789473684 0.26644736842105265
4 0.5929276315789473 0.37911184210526316 0.07072368421052631 0.07730263157894737
4 0.453125 0.3404605263157895 0.049342105263157895 0.06825657894736842
4 0.618421052631579 0.3347039473684211 0.07648026315789473 0.07483552631578948
4 0.3412828947368421 0.2902960526315789 0.055098684210526314 0.07236842105263158
2 0.8832236842105263 0.6455592105263158 0.0649671052631579 0.15460526315789475
4 0.9810855263157895 0.6291118421052632 0.03536184210526316 0.11759868421052631
4 0.5296052631578947 0.2845394736842105 0.04358552631578947 0.05674342105263158
4 0.42351973684210525 0.2713815789473684 0.033717105263157895 0.05921052631578947
3 0.33881578947368424 0.5353618421052632 0.02631578947368421 0.0962171052631579