0 0.48026315789473684 0.5509868421052632 0.03700657894736842 0.11348684210526316
4 0.7804276315789473 0.5625 0.15296052631578946 0.17105263157894737
4 0.9268092105263158 0.5830592105263158 0.14309210526315788 0.18914473684210525
2 0.6422697368421053 0.4128289473684211 0.03289473684210526 0.08963815789473684
4 0.5797697368421053 0.3149671052631579 0.05674342105263158 0.07236842105263158
2 0.6118421052631579 0.4777960526315789 0.04111842105263158 0.1118421052631579
2 0.6521381578947368 0.6513157894736842 0.061677631578947366 0.18092105263157895
4 0.5024671052631579 0.3034539473684211 0.04523026315789474 0.07154605263157894
2 0.7129934210526315 0.38980263157894735 0.03700657894736842 0.08470394736842106
2 0.5180921052631579 0.3536184210526316 0.027960526315789474 0.06085526315789474
2 0.96875 0.7763157894736842 0.061677631578947366 0.18092105263157895