0 0.5394736842105263 0.7014802631578947 0.05263157894736842 0.17598684210526316
4 0.7072368421052632 0.6521381578947368 0.17434210526315788 0.21134868421052633
4 0.5896381578947368 0.33223684210526316 0.06743421052631579 0.078125
2 0.6595394736842105 0.43832236842105265 0.046052631578947366 0.10608552631578948
2 0.8922697368421053 0.6578947368421053 0.0756578947368421 0.14638157894736842
4 0.8478618421052632 0.5131578947368421 0.14967105263157895 0.14720394736842105
4 0.5353618421052632 0.28207236842105265 0.039473684210526314 0.061677631578947366
4 0.42680921052631576 0.27960526315789475 0.03289473684210526 0.05921052631578947
4 0.46875 0.3256578947368421 0.054276315789473686 0.07154605263157894
2 0.6768092105263158 0.37417763157894735 0.03536184210526316 0.0805921052631579
3 0.32976973684210525 0.5666118421052632 0.04111842105263158 0.11924342105263158
3 0.42598684210526316 0.8939144736842105 0.0649671052631579 0.17845394736842105
3 0.3659539473684211 0.915296052631579 0.07154605263157894 0.1669407894736842