1 0.44901315789473684 0.4597039473684211 0.038651315789473686 0.10608552631578948
4 0.6307565789473685 0.4095394736842105 0.10032894736842106 0.11595394736842106
4 0.4975328947368421 0.37006578947368424 0.07072368421052631 0.09292763157894737
4 0.6825657894736842 0.3815789473684211 0.07401315789473684 0.08388157894736842
2 0.7368421052631579 0.7516447368421053 0.07154605263157894 0.17845394736842105
4 0.9391447368421053 0.7615131578947368 0.11842105263157894 0.22861842105263158
4 0.4777960526315789 0.28289473684210525 0.03700657894736842 0.05345394736842105
4 0.5740131578947368 0.31085526315789475 0.054276315789473686 0.06414473684210527
4 0.8552631578947368 0.3873355263157895 0.2574013157894737 0.203125
4 0.524671052631579 0.32319078947368424 0.04851973684210526 0.07236842105263158
4 0.421875 0.28042763157894735 0.03453947368421053 0.046052631578947366
3 0.375 0.8930921052631579 0.06825657894736842 0.18009868421052633