0 0.45148026315789475 0.805921052631579 0.05263157894736842 0.18009868421052633
4 0.125 0.8116776315789473 0.24342105263157895 0.37417763157894735
4 0.4588815789473684 0.515625 0.11430921052631579 0.140625
4 0.16282894736842105 0.5756578947368421 0.16529605263157895 0.1875
4 0.3675986842105263 0.39473684210526316 0.09457236842105263 0.1299342105263158
2 0.2557565789473684 0.5838815789473685 0.05263157894736842 0.14226973684210525
4 0.32401315789473684 0.37417763157894735 0.09703947368421052 0.10608552631578948
4 0.09539473684210527 0.5328947368421053 0.18092105263157895 0.20394736842105263
4 0.49588815789473684 0.3626644736842105 0.060032894736842105 0.08141447368421052
2 0.555921052631579 0.41694078947368424 0.028782894736842105 0.06825657894736842
2 0.36348684210526316 0.48273026315789475 0.03700657894736842 0.10361842105263158
2 0.41776315789473684 0.43667763157894735 0.03700657894736842 0.08963815789473684
2 0.48930921052631576 0.4161184210526316 0.029605263157894735 0.08388157894736842
2 0.4317434210526316 0.3618421052631579 0.03125 0.06825657894736842