1 0.48601973684210525 0.8363486842105263 0.061677631578947366 0.1875
4 0.12828947368421054 0.6439144736842105 0.18832236842105263 0.2138157894736842
4 0.25164473684210525 0.42105263157894735 0.12746710526315788 0.13486842105263158
4 0.140625 0.8199013157894737 0.22861842105263158 0.31743421052631576
4 0.3840460526315789 0.49506578947368424 0.14720394736842105 0.16365131578947367
4 0.5 0.3667763157894737 0.060032894736842105 0.09292763157894737
4 0.4769736842105263 0.3149671052631579 0.05180921052631579 0.09292763157894737
4 0.5164473684210527 0.29194078947368424 0.04029605263157895 0.07319078947368421
4 0.3782894736842105 0.3824013157894737 0.09292763157894737 0.12171052631578948
2 0.4868421052631579 0.5172697368421053 0.039473684210526314 0.12088815789473684
2 0.37335526315789475 0.6266447368421053 0.047697368421052634 0.15378289473684212