1 0.5304276315789473 0.647203947368421 0.04523026315789474 0.14638157894736842
1 0.5649671052631579 0.8067434210526315 0.05756578947368421 0.15789473684210525
4 0.6603618421052632 0.578125 0.15460526315789475 0.2138157894736842
4 0.8675986842105263 0.6225328947368421 0.19572368421052633 0.2450657894736842
4 0.44819078947368424 0.3092105263157895 0.044407894736842105 0.07401315789473684
2 0.6981907894736842 0.7861842105263158 0.06990131578947369 0.17434210526315788
4 0.9243421052631579 0.569078947368421 0.14391447368421054 0.17434210526315788
4 0.5106907894736842 0.3059210526315789 0.05674342105263158 0.08552631578947369
4 0.5180921052631579 0.28536184210526316 0.049342105263157895 0.08552631578947369
4 0.600328947368421 0.38898026315789475 0.08963815789473684 0.09868421052631579
2 0.5427631578947368 0.5550986842105263 0.04111842105263158 0.11924342105263158
2 0.5345394736842105 0.4917763157894737 0.03700657894736842 0.11595394736842106