1 0.5320723684210527 0.7615131578947368 0.06661184210526316 0.1768092105263158
4 0.7919407894736842 0.7508223684210527 0.23108552631578946 0.32319078947368424
4 0.5419407894736842 0.5616776315789473 0.1225328947368421 0.16365131578947367
4 0.4769736842105263 0.33881578947368424 0.05674342105263158 0.08470394736842106
4 0.8067434210526315 0.5674342105263158 0.18832236842105263 0.19736842105263158
4 0.43338815789473684 0.375 0.054276315789473686 0.07894736842105263
4 0.5485197368421053 0.4194078947368421 0.08470394736842106 0.11842105263157894
2 0.6529605263157895 0.4720394736842105 0.03700657894736842 0.10032894736842106
2 0.6875 0.5501644736842105 0.04851973684210526 0.12828947368421054
4 0.44161184210526316 0.3034539473684211 0.04276315789473684 0.08881578947368421
2 0.6101973684210527 0.5287828947368421 0.05263157894736842 0.13240131578947367
2 0.6866776315789473 0.44243421052631576 0.03618421052631579 0.10197368421052631
2 0.4925986842105263 0.45476973684210525 0.03453947368421053 0.10032894736842106