1 0.5279605263157895 0.5254934210526315 0.04111842105263158 0.12171052631578948
4 0.203125 0.46792763157894735 0.12828947368421054 0.13157894736842105
4 0.44161184210526316 0.41118421052631576 0.07319078947368421 0.09786184210526316
4 0.09457236842105263 0.6776315789473685 0.1875 0.2138157894736842
4 0.5542763157894737 0.3988486842105263 0.061677631578947366 0.08305921052631579
4 0.37993421052631576 0.34292763157894735 0.07072368421052631 0.07401315789473684
3 0.5740131578947368 0.8988486842105263 0.07976973684210527 0.19490131578947367
3 0.6463815789473685 0.7944078947368421 0.060032894736842105 0.16940789473684212
3 0.625 0.6422697368421053 0.046052631578947366 0.14226973684210525
3 0.6833881578947368 0.7064144736842105 0.04358552631578947 0.15871710526315788
3 0.5888157894736842 0.5493421052631579 0.04276315789473684 0.09292763157894737