1 0.5814144736842105 0.4786184210526316 0.032072368421052634 0.11266447368421052
1 0.46381578947368424 0.509046052631579 0.028782894736842105 0.0962171052631579
1 0.4917763157894737 0.7138157894736842 0.046052631578947366 0.16529605263157895
4 0.5501644736842105 0.3338815789473684 0.07072368421052631 0.08717105263157894
4 0.7203947368421053 0.3972039473684211 0.10608552631578948 0.12828947368421054
4 0.6620065789473685 0.41694078947368424 0.125 0.171875
4 0.9120065789473685 0.6866776315789473 0.16776315789473684 0.37088815789473684
4 0.7088815789473685 0.803453947368421 0.21299342105263158 0.3536184210526316
4 0.4243421052631579 0.28618421052631576 0.04276315789473684 0.06743421052631579
2 0.9605263157894737 0.9046052631578947 0.07648026315789473 0.1669407894736842
3 0.3511513157894737 0.5986842105263158 0.03042763157894737 0.10608552631578948
3 0.30838815789473684 0.5953947368421053 0.027138157894736843 0.11513157894736842
3 0.32401315789473684 0.712171052631579 0.039473684210526314 0.13157894736842105
2 0.5172697368421053 0.46792763157894735 0.03289473684210526 0.10032894736842106