1 0.4753289473684211 0.569078947368421 0.03700657894736842 0.13733552631578946
4 0.5608552631578947 0.34292763157894735 0.06743421052631579 0.08634868421052631
4 0.7796052631578947 0.4555921052631579 0.125 0.13157894736842105
4 0.959703947368421 0.5986842105263158 0.078125 0.18832236842105263
2 0.7146381578947368 0.540296052631579 0.04851973684210526 0.12417763157894737
2 0.8297697368421053 0.5674342105263158 0.060032894736842105 0.140625
4 0.5123355263157895 0.31167763157894735 0.05180921052631579 0.07236842105263158
2 0.5879934210526315 0.4300986842105263 0.038651315789473686 0.10115131578947369
4 0.5370065789473685 0.2870065789473684 0.04851973684210526 0.06085526315789474
3 0.34539473684210525 0.6060855263157895 0.03289473684210526 0.1069078947368421
2 0.5904605263157895 0.43338815789473684 0.033717105263157895 0.10197368421052631
2 0.6365131578947368 0.41694078947368424 0.03125 0.08881578947368421
2 0.6924342105263158 0.4506578947368421 0.04851973684210526 0.08881578947368421