1 0.5197368421052632 0.6825657894736842 0.046052631578947366 0.14884868421052633
4 0.12746710526315788 0.5016447368421053 0.15789473684210525 0.1825657894736842
4 0.34786184210526316 0.4375 0.1225328947368421 0.13075657894736842
4 0.42351973684210525 0.4769736842105263 0.09868421052631579 0.11513157894736842
4 0.46381578947368424 0.33963815789473684 0.06661184210526316 0.08634868421052631
2 0.07319078947368421 0.7179276315789473 0.08388157894736842 0.1669407894736842
4 0.359375 0.35444078947368424 0.09292763157894737 0.09210526315789473
4 0.5320723684210527 0.3379934210526316 0.049342105263157895 0.06661184210526316
3 0.5896381578947368 0.8009868421052632 0.04851973684210526 0.18832236842105263
3 0.6480263157894737 0.7154605263157895 0.04029605263157895 0.14226973684210525
3 0.5740131578947368 0.9416118421052632 0.0756578947368421 0.11513157894736842
3 0.6949013157894737 0.6907894736842105 0.03125 0.17516447368421054
3 0.5912828947368421 0.647203947368421 0.032072368421052634 0.1118421052631579