1 0.5337171052631579 0.5789473684210527 0.04358552631578947 0.13980263157894737
4 0.5353618421052632 0.4720394736842105 0.08470394736842106 0.12171052631578948
4 0.24095394736842105 0.5394736842105263 0.15378289473684212 0.15542763157894737
4 0.37664473684210525 0.4037828947368421 0.10032894736842106 0.1118421052631579
4 0.4309210526315789 0.45805921052631576 0.0962171052631579 0.12664473684210525
4 0.1356907894736842 0.8355263157894737 0.25082236842105265 0.3157894736842105
4 0.4457236842105263 0.3470394736842105 0.05263157894736842 0.08881578947368421
4 0.5230263157894737 0.3503289473684211 0.055098684210526314 0.07319078947368421
4 0.25493421052631576 0.42269736842105265 0.11677631578947369 0.09703947368421052
4 0.553453947368421 0.3001644736842105 0.03782894736842105 0.0625
2 0.04851973684210526 0.7894736842105263 0.09210526315789473 0.1825657894736842
2 0.3675986842105263 0.6570723684210527 0.06907894736842106 0.16858552631578946