1 0.4029605263157895 0.4555921052631579 0.024671052631578948 0.08963815789473684
4 0.6620065789473685 0.59375 0.1455592105263158 0.1875
4 0.8898026315789473 0.5205592105263158 0.16365131578947367 0.15542763157894737
4 0.9202302631578947 0.712171052631579 0.15542763157894737 0.31743421052631576
4 0.5271381578947368 0.40460526315789475 0.07072368421052631 0.09292763157894737
4 0.5345394736842105 0.3371710526315789 0.060032894736842105 0.07401315789473684
2 0.7450657894736842 0.5008223684210527 0.05263157894736842 0.12335526315789473
4 0.6422697368421053 0.3569078947368421 0.07648026315789473 0.07730263157894737
4 0.4342105263157895 0.3659539473684211 0.060032894736842105 0.08634868421052631
2 0.662828947368421 0.4300986842105263 0.03618421052631579 0.09868421052631579
2 0.7064144736842105 0.8396381578947368 0.09703947368421052 0.20476973684210525