1 0.522203947368421 0.6825657894736842 0.046052631578947366 0.16529605263157895
1 0.4407894736842105 0.555921052631579 0.039473684210526314 0.12582236842105263
1 0.42351973684210525 0.4152960526315789 0.03125 0.08388157894736842
4 0.8577302631578947 0.6151315789473685 0.17927631578947367 0.20559210526315788
4 0.5148026315789473 0.4128289473684211 0.07154605263157894 0.0912828947368421
4 0.5287828947368421 0.31332236842105265 0.054276315789473686 0.07483552631578948
4 0.6546052631578947 0.4185855263157895 0.10855263157894737 0.13980263157894737
4 0.4317434210526316 0.27631578947368424 0.033717105263157895 0.07154605263157894
4 0.740953947368421 0.4194078947368421 0.09703947368421052 0.09786184210526316
4 0.3725328947368421 0.3059210526315789 0.04276315789473684 0.05756578947368421
4 0.33881578947368424 0.27713815789473684 0.03125 0.044407894736842105
3 0.3256578947368421 0.59375 0.02549342105263158 0.11430921052631579
2 0.9087171052631579 0.8429276315789473 0.0912828947368421 0.22286184210526316