0 0.48519736842105265 0.6077302631578947 0.03618421052631579 0.14226973684210525
4 0.14391447368421054 0.618421052631579 0.19736842105263158 0.23355263157894737
4 0.44161184210526316 0.3371710526315789 0.07401315789473684 0.10197368421052631
2 0.09292763157894737 0.9169407894736842 0.10773026315789473 0.14309210526315788
2 0.20641447368421054 0.7195723684210527 0.07401315789473684 0.17763157894736842
4 0.5263157894736842 0.3651315789473684 0.05921052631578947 0.0756578947368421
4 0.5057565789473685 0.2911184210526316 0.05016447368421053 0.06743421052631579
2 0.3659539473684211 0.5016447368421053 0.046875 0.11266447368421052
4 0.4399671052631579 0.31332236842105265 0.0756578947368421 0.07894736842105263
4 0.19572368421052633 0.47039473684210525 0.13898026315789475 0.14309210526315788
3 0.665296052631579 0.6833881578947368 0.038651315789473686 0.14309210526315788
2 0.45394736842105265 0.38980263157894735 0.028782894736842105 0.07319078947368421