1 0.4662828947368421 0.5452302631578947 0.03289473684210526 0.10197368421052631
1 0.4037828947368421 0.38651315789473684 0.022203947368421052 0.07894736842105263
4 0.7639802631578947 0.524671052631579 0.16611842105263158 0.19654605263157895
4 0.4152960526315789 0.34292763157894735 0.039473684210526314 0.06578947368421052
4 0.703125 0.3840460526315789 0.10361842105263158 0.10032894736842106
4 0.5337171052631579 0.32976973684210525 0.05592105263157895 0.07154605263157894
4 0.4868421052631579 0.3157894736842105 0.03700657894736842 0.08552631578947369
3 0.34210526315789475 0.6019736842105263 0.027960526315789474 0.10773026315789473
3 0.40213815789473684 0.9111842105263158 0.05345394736842105 0.1455592105263158
2 0.5 0.3807565789473684 0.02055921052631579 0.07154605263157894
3 0.3034539473684211 0.5978618421052632 0.02138157894736842 0.10115131578947369
2 0.6332236842105263 0.4375 0.04851973684210526 0.09786184210526316