1 0.4243421052631579 0.5057565789473685 0.03536184210526316 0.1118421052631579
4 0.6258223684210527 0.5435855263157895 0.13322368421052633 0.1513157894736842
4 0.6365131578947368 0.34868421052631576 0.07976973684210527 0.08552631578947369
4 0.5764802631578947 0.3667763157894737 0.06825657894736842 0.08717105263157894
4 0.7557565789473685 0.43667763157894735 0.11677631578947369 0.11430921052631579
2 0.8429276315789473 0.5616776315789473 0.05838815789473684 0.12006578947368421
4 0.41036184210526316 0.3157894736842105 0.04194078947368421 0.08305921052631579
4 0.5131578947368421 0.30756578947368424 0.04194078947368421 0.07976973684210527
4 0.49588815789473684 0.3832236842105263 0.06661184210526316 0.08963815789473684
2 0.7319078947368421 0.7796052631578947 0.08634868421052631 0.19901315789473684
4 0.45723684210526316 0.30180921052631576 0.03700657894736842 0.07976973684210527
3 0.32319078947368424 0.5320723684210527 0.03453947368421053 0.11348684210526316
2 0.5978618421052632 0.665296052631579 0.060032894736842105 0.15871710526315788
2 0.703125 0.8544407894736842 0.08717105263157894 0.19983552631578946
2 0.9703947368421053 0.7072368421052632 0.05838815789473684 0.16611842105263158
2 0.5139802631578947 0.5098684210526315 0.04276315789473684 0.11430921052631579