1 0.4712171052631579 0.6595394736842105 0.0625 0.17105263157894737
4 0.7072368421052632 0.47039473684210525 0.13240131578947367 0.16365131578947367
4 0.5567434210526315 0.3371710526315789 0.07072368421052631 0.10279605263157894
4 0.8264802631578947 0.7713815789473685 0.27631578947368424 0.4128289473684211
4 0.5518092105263158 0.44819078947368424 0.08717105263157894 0.11348684210526316
4 0.48273026315789475 0.35855263157894735 0.055098684210526314 0.07894736842105263
4 0.8421052631578947 0.46957236842105265 0.19572368421052633 0.23273026315789475
4 0.4457236842105263 0.2993421052631579 0.038651315789473686 0.06907894736842106
2 0.5230263157894737 0.5279605263157895 0.04029605263157895 0.11348684210526316
4 0.6537828947368421 0.3684210526315789 0.07730263157894737 0.07894736842105263
4 0.49506578947368424 0.2993421052631579 0.04523026315789474 0.0625
3 0.32648026315789475 0.4769736842105263 0.022203947368421052 0.08305921052631579