1 0.4309210526315789 0.6981907894736842 0.055098684210526314 0.15871710526315788
4 0.203125 0.5608552631578947 0.19572368421052633 0.21546052631578946
4 0.5008223684210527 0.3717105263157895 0.06990131578947369 0.0962171052631579
4 0.5452302631578947 0.4786184210526316 0.07648026315789473 0.11924342105263158
4 0.4810855263157895 0.2779605263157895 0.03700657894736842 0.049342105263157895
4 0.3980263157894737 0.37006578947368424 0.10279605263157894 0.11595394736842106
4 0.5370065789473685 0.3034539473684211 0.04194078947368421 0.06990131578947369
4 0.3199013157894737 0.3873355263157895 0.09046052631578948 0.09046052631578948
3 0.694078947368421 0.5731907894736842 0.02549342105263158 0.16447368421052633
3 0.6513157894736842 0.6200657894736842 0.03042763157894737 0.11595394736842106
2 0.13733552631578946 0.49917763157894735 0.061677631578947366 0.11924342105263158
2 0.027960526315789474 0.5953947368421053 0.054276315789473686 0.12828947368421054