1 0.6151315789473685 0.9202302631578947 0.08223684210526316 0.15789473684210525
1 0.45394736842105265 0.49506578947368424 0.03289473684210526 0.10197368421052631
4 0.9029605263157895 0.6488486842105263 0.1924342105263158 0.24588815789473684
4 0.5773026315789473 0.37335526315789475 0.07894736842105263 0.09703947368421052
4 0.6710526315789473 0.4810855263157895 0.1225328947368421 0.12911184210526316
4 0.5625 0.3059210526315789 0.07648026315789473 0.0805921052631579
4 0.8848684210526315 0.852796052631579 0.22861842105263158 0.29194078947368424
2 0.6019736842105263 0.5526315789473685 0.046875 0.12417763157894737
4 0.45476973684210525 0.2845394736842105 0.04194078947368421 0.06332236842105263
3 0.3379934210526316 0.6118421052631579 0.03536184210526316 0.12335526315789473
3 0.32401315789473684 0.5098684210526315 0.022203947368421052 0.09868421052631579
3 0.3667763157894737 0.6118421052631579 0.03125 0.12417763157894737
3 0.32319078947368424 0.6241776315789473 0.039473684210526314 0.125