1 0.4440789473684211 0.5888157894736842 0.04276315789473684 0.140625
4 0.48273026315789475 0.4095394736842105 0.06990131578947369 0.10361842105263158
4 0.6291118421052632 0.5542763157894737 0.14967105263157895 0.19325657894736842
4 0.680921052631579 0.45394736842105265 0.12828947368421054 0.14802631578947367
4 0.5328947368421053 0.33305921052631576 0.05756578947368421 0.08552631578947369
4 0.6192434210526315 0.3379934210526316 0.06990131578947369 0.08552631578947369
2 0.8610197368421053 0.6398026315789473 0.06825657894736842 0.14391447368421054
4 0.45723684210526316 0.3223684210526316 0.04358552631578947 0.07154605263157894
4 0.7516447368421053 0.4284539473684211 0.10361842105263158 0.11430921052631579
4 0.41694078947368424 0.28618421052631576 0.03782894736842105 0.06825657894736842
2 0.7129934210526315 0.5296052631578947 0.054276315789473686 0.12088815789473684
2 0.5509868421052632 0.4004934210526316 0.033717105263157895 0.08141447368421052