1 0.6011513157894737 0.8980263157894737 0.07236842105263158 0.20230263157894737
0 0.46875 0.5320723684210527 0.04111842105263158 0.13404605263157895
4 0.759046052631579 0.4276315789473684 0.14226973684210525 0.13651315789473684
4 0.4810855263157895 0.2787828947368421 0.04276315789473684 0.06332236842105263
2 0.743421052631579 0.6694078947368421 0.06907894736842106 0.17516447368421054
4 0.5838815789473685 0.32319078947368424 0.05592105263157895 0.06332236842105263
4 0.7483552631578947 0.34786184210526316 0.18421052631578946 0.1825657894736842
2 0.9638157894736842 0.600328947368421 0.06907894736842106 0.13815789473684212
3 0.3412828947368421 0.6258223684210527 0.03618421052631579 0.12664473684210525
3 0.3684210526315789 0.897203947368421 0.0625 0.171875
3 0.32648026315789475 0.524671052631579 0.024671052631578948 0.10115131578947369