1 0.4300986842105263 0.6743421052631579 0.0625 0.1611842105263158
4 0.21463815789473684 0.571546052631579 0.17516447368421054 0.18009868421052633
4 0.3980263157894737 0.3840460526315789 0.0912828947368421 0.09703947368421052
4 0.12088815789473684 0.5164473684210527 0.18832236842105263 0.21463815789473684
4 0.3527960526315789 0.35526315789473684 0.08141447368421052 0.08717105263157894
4 0.46792763157894735 0.328125 0.054276315789473686 0.07319078947368421
2 0.4300986842105263 0.680921052631579 0.05016447368421053 0.17763157894736842
2 0.28042763157894735 0.65625 0.060032894736842105 0.15460526315789475
3 0.6110197368421053 0.868421052631579 0.05592105263157895 0.15542763157894737
3 0.649671052631579 0.5978618421052632 0.03536184210526316 0.10608552631578948
3 0.6858552631578947 0.5929276315789473 0.03125 0.10608552631578948
2 0.3495065789473684 0.5024671052631579 0.04851973684210526 0.1299342105263158
2 0.46875 0.4712171052631579 0.04194078947368421 0.109375