1 0.4588815789473684 0.5353618421052632 0.032072368421052634 0.12335526315789473
4 0.7820723684210527 0.4432565789473684 0.13898026315789475 0.14802631578947367
4 0.6175986842105263 0.5370065789473685 0.12664473684210525 0.15871710526315788
4 0.4292763157894737 0.3371710526315789 0.05098684210526316 0.07976973684210527
4 0.6011513157894737 0.3930921052631579 0.08634868421052631 0.08963815789473684
2 0.9671052631578947 0.7269736842105263 0.06085526315789474 0.1669407894736842
2 0.7837171052631579 0.5731907894736842 0.054276315789473686 0.12006578947368421
4 0.540296052631579 0.29605263157894735 0.05674342105263158 0.07401315789473684
4 0.44819078947368424 0.24917763157894737 0.029605263157894735 0.05592105263157895
4 0.46957236842105265 0.2730263157894737 0.03782894736842105 0.05756578947368421
3 0.3207236842105263 0.43338815789473684 0.024671052631578948 0.09210526315789473
2 0.3667763157894737 0.4925986842105263 0.04851973684210526 0.0962171052631579