0 0.5616776315789473 0.8050986842105263 0.05838815789473684 0.18338815789473684
4 0.634046052631579 0.540296052631579 0.12746710526315788 0.15378289473684212
4 0.48519736842105265 0.4621710526315789 0.15542763157894737 0.2730263157894737
2 0.8396381578947368 0.5493421052631579 0.05345394736842105 0.11924342105263158
2 0.9120065789473685 0.7524671052631579 0.07072368421052631 0.16611842105263158
2 0.6924342105263158 0.4613486842105263 0.044407894736842105 0.10197368421052631
4 0.7023026315789473 0.3873355263157895 0.08799342105263158 0.09457236842105263
4 0.5485197368421053 0.29194078947368424 0.05592105263157895 0.06743421052631579
3 0.43832236842105265 0.9087171052631579 0.07730263157894737 0.18092105263157895
2 0.9605263157894737 0.5764802631578947 0.07072368421052631 0.14144736842105263
2 0.6356907894736842 0.3939144736842105 0.03700657894736842 0.09292763157894737