1 0.4375 0.5213815789473685 0.04276315789473684 0.11266447368421052
4 0.8067434210526315 0.7516447368421053 0.19572368421052633 0.2746710526315789
4 0.8108552631578947 0.5830592105263158 0.15789473684210525 0.17516447368421054
4 0.5320723684210527 0.4506578947368421 0.08552631578947369 0.11019736842105263
4 0.7541118421052632 0.42023026315789475 0.11842105263157894 0.125
4 0.6192434210526315 0.3881578947368421 0.09375 0.12664473684210525
4 0.5320723684210527 0.3347039473684211 0.049342105263157895 0.0625
4 0.49506578947368424 0.2878289473684211 0.04029605263157895 0.06990131578947369
2 0.5970394736842105 0.7138157894736842 0.05756578947368421 0.17023026315789475
4 0.42269736842105265 0.2582236842105263 0.047697368421052634 0.08141447368421052
4 0.4761513157894737 0.35526315789473684 0.05098684210526316 0.07236842105263158
3 0.4136513157894737 0.9078947368421053 0.047697368421052634 0.15213815789473684
3 0.35855263157894735 0.75 0.054276315789473686 0.13651315789473684
3 0.32401315789473684 0.4909539473684211 0.02055921052631579 0.09292763157894737
3 0.3536184210526316 0.8083881578947368 0.05838815789473684 0.15953947368421054