1 0.40625 0.43667763157894735 0.027960526315789474 0.08963815789473684
4 0.6554276315789473 0.5929276315789473 0.15049342105263158 0.1875
4 0.7615131578947368 0.4440789473684211 0.11842105263157894 0.11430921052631579
4 0.5148026315789473 0.31167763157894735 0.05016447368421053 0.07236842105263158
4 0.4810855263157895 0.35444078947368424 0.06578947368421052 0.09292763157894737
2 0.8470394736842105 0.6200657894736842 0.06743421052631579 0.1455592105263158
4 0.6677631578947368 0.453125 0.11513157894736842 0.1356907894736842
2 0.9490131578947368 0.6488486842105263 0.07319078947368421 0.14720394736842105
4 0.5879934210526315 0.3223684210526316 0.05592105263157895 0.06661184210526316
3 0.30838815789473684 0.6866776315789473 0.03125 0.15296052631578946
3 0.328125 0.5723684210526315 0.03125 0.1069078947368421