1 0.5912828947368421 0.9169407894736842 0.06661184210526316 0.16365131578947367
4 0.49835526315789475 0.47944078947368424 0.09375 0.13980263157894737
4 0.8717105263157895 0.5230263157894737 0.171875 0.17516447368421054
4 0.6274671052631579 0.34868421052631576 0.07483552631578948 0.08141447368421052
4 0.46710526315789475 0.3347039473684211 0.060032894736842105 0.08717105263157894
4 0.8429276315789473 0.3840460526315789 0.28536184210526316 0.24424342105263158
4 0.5082236842105263 0.31085526315789475 0.046875 0.06332236842105263
4 0.5460526315789473 0.2598684210526316 0.06990131578947369 0.10197368421052631
4 0.5970394736842105 0.390625 0.07648026315789473 0.09868421052631579
3 0.34375 0.9333881578947368 0.05098684210526316 0.12006578947368421
3 0.3560855263157895 0.7491776315789473 0.049342105263157895 0.1611842105263158
3 0.40213815789473684 0.7985197368421053 0.04111842105263158 0.14309210526315788
3 0.4375 0.9325657894736842 0.07730263157894737 0.11759868421052631
2 0.8585526315789473 0.9391447368421053 0.10773026315789473 0.12006578947368421
2 0.5805921052631579 0.47368421052631576 0.05345394736842105 0.11842105263157894
2 0.6282894736842105 0.4613486842105263 0.04358552631578947 0.12006578947368421