1 0.5205592105263158 0.7804276315789473 0.05016447368421053 0.14884868421052633
4 0.6899671052631579 0.4629934210526316 0.13240131578947367 0.14884868421052633
4 0.546875 0.4284539473684211 0.09210526315789473 0.12417763157894737
4 0.5189144736842105 0.33881578947368424 0.05345394736842105 0.08717105263157894
4 0.4440789473684211 0.31332236842105265 0.04358552631578947 0.06332236842105263
2 0.734375 0.6356907894736842 0.0649671052631579 0.15953947368421054
4 0.850328947368421 0.5098684210526315 0.14967105263157895 0.14884868421052633
4 0.5805921052631579 0.3717105263157895 0.07072368421052631 0.09539473684210527
4 0.5575657894736842 0.3092105263157895 0.055098684210526314 0.07483552631578948
4 0.912828947368421 0.7302631578947368 0.17269736842105263 0.2393092105263158
4 0.7294407894736842 0.40707236842105265 0.06743421052631579 0.10197368421052631
2 0.8824013157894737 0.8791118421052632 0.10444078947368421 0.21546052631578946
4 0.6208881578947368 0.3470394736842105 0.060032894736842105 0.078125
2 0.48026315789473684 0.3569078947368421 0.029605263157894735 0.06743421052631579