1 0.3980263157894737 0.36348684210526316 0.018092105263157895 0.06743421052631579
4 0.8042763157894737 0.5838815789473685 0.16940789473684212 0.171875
2 0.6620065789473685 0.7072368421052632 0.060032894736842105 0.19325657894736842
4 0.45476973684210525 0.47944078947368424 0.08223684210526316 0.12171052631578948
4 0.7376644736842105 0.42269736842105265 0.11101973684210527 0.1118421052631579
2 0.6200657894736842 0.41036184210526316 0.04276315789473684 0.09868421052631579
4 0.515625 0.3157894736842105 0.07401315789473684 0.08963815789473684
3 0.3651315789473684 0.7582236842105263 0.04358552631578947 0.13980263157894737
3 0.3256578947368421 0.5444078947368421 0.027138157894736843 0.09868421052631579
3 0.484375 0.34539473684210525 0.018914473684210526 0.0756578947368421
2 0.8799342105263158 0.5435855263157895 0.06085526315789474 0.12335526315789473