1 0.46875 0.5921052631578947 0.046875 0.140625
4 0.12746710526315788 0.8626644736842105 0.25 0.2730263157894737
4 0.38898026315789475 0.4967105263157895 0.14309210526315788 0.17516447368421054
4 0.4588815789473684 0.33963815789473684 0.05921052631578947 0.07236842105263158
4 0.24013157894736842 0.4251644736842105 0.12746710526315788 0.13404605263157895
4 0.36019736842105265 0.41694078947368424 0.109375 0.12828947368421054
4 0.48601973684210525 0.2870065789473684 0.046052631578947366 0.07236842105263158
2 0.16282894736842105 0.647203947368421 0.07730263157894737 0.171875
4 0.05345394736842105 0.6036184210526315 0.10526315789473684 0.21217105263157895
4 0.5518092105263158 0.25493421052631576 0.03289473684210526 0.05345394736842105
4 0.5460526315789473 0.3092105263157895 0.04276315789473684 0.05592105263157895
4 0.602796052631579 0.30838815789473684 0.03536184210526316 0.05098684210526316
3 0.4934210526315789 0.8782894736842105 0.05263157894736842 0.18585526315789475