1 0.4465460526315789 0.4925986842105263 0.02631578947368421 0.10115131578947369
4 0.7705592105263158 0.5320723684210527 0.17598684210526316 0.20888157894736842
4 0.515625 0.40789473684210525 0.06578947368421052 0.0962171052631579
4 0.6611842105263158 0.865953947368421 0.22532894736842105 0.2574013157894737
4 0.6110197368421053 0.39144736842105265 0.09292763157894737 0.1069078947368421
4 0.5707236842105263 0.31085526315789475 0.05592105263157895 0.0805921052631579
4 0.553453947368421 0.33963815789473684 0.05180921052631579 0.07401315789473684
3 0.3207236842105263 0.5789473684210527 0.028782894736842105 0.10361842105263158
3 0.47039473684210525 0.9646381578947368 0.049342105263157895 0.06825657894736842
2 0.6858552631578947 0.6611842105263158 0.06578947368421052 0.16611842105263158
2 0.8314144736842105 0.8733552631578947 0.08634868421052631 0.19983552631578946
2 0.6694078947368421 0.537828947368421 0.055098684210526314 0.12088815789473684
4 0.7524671052631579 0.4194078947368421 0.12088815789473684 0.12088815789473684
2 0.453125 0.3684210526315789 0.028782894736842105 0.06414473684210527