1 0.4457236842105263 0.4901315789473684 0.03289473684210526 0.10773026315789473
1 0.41776315789473684 0.44161184210526316 0.03042763157894737 0.08717105263157894
0 0.4432565789473684 0.6587171052631579 0.04111842105263158 0.13240131578947367
4 0.5444078947368421 0.6578947368421053 0.15625 0.22039473684210525
4 0.8174342105263158 0.47286184210526316 0.14638157894736842 0.13157894736842105
4 0.9120065789473685 0.8774671052631579 0.17516447368421054 0.2294407894736842
4 0.8305921052631579 0.609375 0.15789473684210525 0.1825657894736842
4 0.6225328947368421 0.34210526315789475 0.07483552631578948 0.09292763157894737
4 0.537828947368421 0.38569078947368424 0.17105263157894737 0.21792763157894737
4 0.4120065789473684 0.3042763157894737 0.04029605263157895 0.06825657894736842
2 0.6916118421052632 0.45476973684210525 0.04276315789473684 0.109375
3 0.3379934210526316 0.484375 0.023026315789473683 0.10608552631578948