1 0.5608552631578947 0.8092105263157895 0.054276315789473686 0.17516447368421054
1 0.43585526315789475 0.5435855263157895 0.03536184210526316 0.10773026315789473
4 0.8643092105263158 0.828125 0.2524671052631579 0.3314144736842105
4 0.6126644736842105 0.5016447368421053 0.15953947368421054 0.19983552631578946
4 0.7064144736842105 0.40542763157894735 0.0912828947368421 0.10361842105263158
4 0.8930921052631579 0.6595394736842105 0.20641447368421054 0.22697368421052633
4 0.5197368421052632 0.390625 0.09950657894736842 0.125
4 0.5805921052631579 0.34868421052631576 0.08799342105263158 0.125
2 0.7787828947368421 0.49917763157894735 0.049342105263157895 0.11019736842105263
4 0.9004934210526315 0.5476973684210527 0.16858552631578946 0.17105263157894737
2 0.48026315789473684 0.45394736842105265 0.03782894736842105 0.08717105263157894
2 0.6850328947368421 0.4432565789473684 0.04194078947368421 0.09210526315789473