0 0.5838815789473685 0.4564144736842105 0.02549342105263158 0.10115131578947369
4 0.37088815789473684 0.4868421052631579 0.11266447368421052 0.13075657894736842
4 0.5296052631578947 0.44161184210526316 0.07401315789473684 0.10279605263157894
4 0.3412828947368421 0.3659539473684211 0.08552631578947369 0.08717105263157894
4 0.08717105263157894 0.709703947368421 0.17351973684210525 0.3026315789473684
4 0.5106907894736842 0.34868421052631576 0.06578947368421052 0.09786184210526316
4 0.578125 0.34868421052631576 0.049342105263157895 0.08388157894736842
4 0.46875 0.3215460526315789 0.05345394736842105 0.07483552631578948
4 0.5699013157894737 0.2878289473684211 0.04276315789473684 0.06990131578947369
2 0.18914473684210525 0.6981907894736842 0.06743421052631579 0.1768092105263158
3 0.647203947368421 0.71875 0.04194078947368421 0.14720394736842105
2 0.46381578947368424 0.4276315789473684 0.03289473684210526 0.08881578947368421
2 0.41036184210526316 0.3560855263157895 0.02631578947368421 0.06825657894736842