1 0.4440789473684211 0.43667763157894735 0.03700657894736842 0.09786184210526316
0 0.5756578947368421 0.7376644736842105 0.06085526315789474 0.21134868421052633
4 0.5123355263157895 0.375 0.0756578947368421 0.10032894736842106
4 0.9078947368421053 0.7023026315789473 0.1825657894736842 0.28536184210526316
4 0.6513157894736842 0.4309210526315789 0.10608552631578948 0.11348684210526316
4 0.42680921052631576 0.31661184210526316 0.04029605263157895 0.06085526315789474
4 0.6299342105263158 0.34786184210526316 0.06743421052631579 0.07894736842105263
4 0.49588815789473684 0.28618421052631576 0.04276315789473684 0.07154605263157894
4 0.8939144736842105 0.5370065789473685 0.15460526315789475 0.13404605263157895
4 0.45148026315789475 0.2565789473684211 0.03700657894736842 0.05921052631578947
1 0.5674342105263158 0.3815789473684211 0.03042763157894737 0.07401315789473684
3 0.39144736842105265 0.915296052631579 0.06578947368421052 0.1669407894736842