1 0.4769736842105263 0.5666118421052632 0.03453947368421053 0.11513157894736842
4 0.703125 0.4745065789473684 0.12664473684210525 0.14309210526315788
4 0.9087171052631579 0.7228618421052632 0.18009868421052633 0.34539473684210525
4 0.5830592105263158 0.49506578947368424 0.09375 0.12171052631578948
4 0.6134868421052632 0.3881578947368421 0.08223684210526316 0.09539473684210527
4 0.678453947368421 0.8963815789473685 0.26069078947368424 0.20065789473684212
4 0.6200657894736842 0.33881578947368424 0.07319078947368421 0.08388157894736842
4 0.44243421052631576 0.30838815789473684 0.044407894736842105 0.07236842105263158
3 0.3248355263157895 0.6175986842105263 0.03289473684210526 0.109375
2 0.4901315789473684 0.42269736842105265 0.03042763157894737 0.08470394736842106
2 0.5460526315789473 0.4004934210526316 0.029605263157894735 0.08141447368421052
2 0.8577302631578947 0.7648026315789473 0.08141447368421052 0.1669407894736842
2 0.9202302631578947 0.9120065789473685 0.11430921052631579 0.17434210526315788
4 0.9004934210526315 0.5279605263157895 0.17269736842105263 0.17105263157894737