1 0.6274671052631579 0.9498355263157895 0.08223684210526316 0.09868421052631579
4 0.537828947368421 0.4284539473684211 0.10032894736842106 0.13404605263157895
4 0.640625 0.4276315789473684 0.1069078947368421 0.12828947368421054
4 0.7796052631578947 0.4506578947368421 0.14473684210526316 0.140625
2 0.7105263157894737 0.600328947368421 0.055098684210526314 0.13486842105263158
4 0.5419407894736842 0.34210526315789475 0.05838815789473684 0.07319078947368421
4 0.8832236842105263 0.649671052631579 0.18996710526315788 0.23108552631578946
4 0.6060855263157895 0.3305921052631579 0.0756578947368421 0.08470394736842106
2 0.834703947368421 0.7146381578947368 0.0649671052631579 0.14802631578947367
4 0.9087171052631579 0.8889802631578947 0.18174342105263158 0.21628289473684212
4 0.8717105263157895 0.5978618421052632 0.19983552631578946 0.19325657894736842