1 0.5518092105263158 0.8133223684210527 0.07072368421052631 0.19078947368421054
4 0.509046052631579 0.5 0.10444078947368421 0.13240131578947367
4 0.8429276315789473 0.4975328947368421 0.14884868421052633 0.13404605263157895
4 0.7245065789473685 0.6439144736842105 0.20230263157894737 0.25411184210526316
4 0.6850328947368421 0.4588815789473684 0.13815789473684212 0.14391447368421054
4 0.6225328947368421 0.3371710526315789 0.07236842105263158 0.07976973684210527
4 0.5542763157894737 0.3536184210526316 0.0649671052631579 0.07894736842105263
3 0.33963815789473684 0.6389802631578947 0.03700657894736842 0.1299342105263158
2 0.962171052631579 0.6825657894736842 0.07401315789473684 0.16611842105263158
2 0.5608552631578947 0.41036184210526316 0.03042763157894737 0.08388157894736842
2 0.6307565789473685 0.48601973684210525 0.04276315789473684 0.09703947368421052