1 0.4564144736842105 0.5394736842105263 0.039473684210526314 0.13651315789473684
4 0.828125 0.602796052631579 0.17351973684210525 0.19983552631578946
4 0.6661184210526315 0.4317434210526316 0.10197368421052631 0.11348684210526316
4 0.5888157894736842 0.31661184210526316 0.06578947368421052 0.0805921052631579
4 0.53125 0.39473684210526316 0.08717105263157894 0.12171052631578948
4 0.7615131578947368 0.42680921052631576 0.11348684210526316 0.13075657894736842
2 0.6546052631578947 0.5592105263157895 0.05016447368421053 0.12582236842105263
4 0.5485197368421053 0.34210526315789475 0.06578947368421052 0.09046052631578948
2 0.9375 0.5995065789473685 0.06825657894736842 0.13733552631578946
4 0.4662828947368421 0.3511513157894737 0.04358552631578947 0.07483552631578948
3 0.4087171052631579 0.930921052631579 0.060032894736842105 0.12171052631578948