1 0.5361842105263158 0.5320723684210527 0.039473684210526314 0.1299342105263158
4 0.21628289473684212 0.5550986842105263 0.15625 0.1611842105263158
4 0.15378289473684212 0.8042763157894737 0.27713815789473684 0.37417763157894735
4 0.4004934210526316 0.4934210526315789 0.13651315789473684 0.1875
4 0.2993421052631579 0.3881578947368421 0.10526315789473684 0.11019736842105263
4 0.4975328947368421 0.3840460526315789 0.06332236842105263 0.08388157894736842
4 0.45476973684210525 0.3379934210526316 0.06085526315789474 0.07236842105263158
2 0.48026315789473684 0.5592105263157895 0.04523026315789474 0.12088815789473684
4 0.5756578947368421 0.28207236842105265 0.03700657894736842 0.05756578947368421
4 0.4868421052631579 0.2746710526315789 0.03700657894736842 0.05263157894736842
4 0.5575657894736842 0.24753289473684212 0.03618421052631579 0.05838815789473684
2 0.390625 0.6480263157894737 0.06661184210526316 0.17516447368421054
3 0.6685855263157895 0.6282894736842105 0.03453947368421053 0.125
2 0.18503289473684212 0.4917763157894737 0.05592105263157895 0.11019736842105263
2 0.524671052631579 0.4506578947368421 0.039473684210526314 0.10444078947368421