1 0.5098684210526315 0.6447368421052632 0.04851973684210526 0.14144736842105263
4 0.8207236842105263 0.5830592105263158 0.17927631578947367 0.21792763157894737
4 0.6875 0.6258223684210527 0.14720394736842105 0.19983552631578946
4 0.5189144736842105 0.31085526315789475 0.05098684210526316 0.06743421052631579
4 0.6891447368421053 0.4440789473684211 0.10279605263157894 0.12335526315789473
4 0.6776315789473685 0.8963815789473685 0.25164473684210525 0.1981907894736842
2 0.6101973684210527 0.46792763157894735 0.03700657894736842 0.1069078947368421
4 0.6866776315789473 0.3807565789473684 0.08799342105263158 0.109375
4 0.45476973684210525 0.3149671052631579 0.04851973684210526 0.078125
4 0.5016447368421053 0.25164473684210525 0.03536184210526316 0.06578947368421052
4 0.5731907894736842 0.31332236842105265 0.05098684210526316 0.0756578947368421
3 0.3314144736842105 0.6554276315789473 0.03536184210526316 0.125
2 0.5419407894736842 0.5148026315789473 0.046052631578947366 0.13815789473684212
2 0.5731907894736842 0.36019736842105265 0.03289473684210526 0.07154605263157894
2 0.42351973684210525 0.44161184210526316 0.029605263157894735 0.08141447368421052