1 0.49835526315789475 0.7754934210526315 0.061677631578947366 0.18338815789473684
4 0.4654605263157895 0.4300986842105263 0.0625 0.0962171052631579
4 0.4777960526315789 0.3462171052631579 0.060032894736842105 0.07894736842105263
4 0.5682565789473685 0.7006578947368421 0.18009868421052633 0.24917763157894737
4 0.7779605263157895 0.5501644736842105 0.15049342105263158 0.15542763157894737
4 0.5822368421052632 0.3651315789473684 0.06907894736842106 0.0962171052631579
4 0.6554276315789473 0.3667763157894737 0.06990131578947369 0.08141447368421052
4 0.5230263157894737 0.3223684210526316 0.04276315789473684 0.06414473684210527
2 0.7245065789473685 0.6233552631578947 0.05345394736842105 0.15378289473684212
2 0.930921052631579 0.5953947368421053 0.061677631578947366 0.1356907894736842
4 0.4399671052631579 0.30098684210526316 0.038651315789473686 0.07483552631578948
3 0.34375 0.7138157894736842 0.04276315789473684 0.1455592105263158
3 0.3511513157894737 0.4942434210526316 0.03782894736842105 0.0962171052631579
2 0.9037828947368421 0.5180921052631579 0.07072368421052631 0.1069078947368421
2 0.671875 0.4432565789473684 0.05180921052631579 0.10032894736842106
1 0.3963815789473684 0.4975328947368421 0.039473684210526314 0.11019736842105263