1 0.5912828947368421 0.6430921052631579 0.05098684210526316 0.1455592105263158
4 0.712171052631579 0.506578947368421 0.12664473684210525 0.13980263157894737
4 0.8511513157894737 0.5115131578947368 0.15707236842105263 0.16365131578947367
4 0.44901315789473684 0.37088815789473684 0.05098684210526316 0.08141447368421052
4 0.49588815789473684 0.3404605263157895 0.046052631578947366 0.06825657894736842
2 0.9325657894736842 0.6768092105263158 0.07236842105263158 0.16447368421052633
2 0.6924342105263158 0.41118421052631576 0.046052631578947366 0.08963815789473684
2 0.6735197368421053 0.3659539473684211 0.047697368421052634 0.07730263157894737
2 0.5921052631578947 0.36430921052631576 0.03125 0.07976973684210527
2 0.5493421052631579 0.34292763157894735 0.029605263157894735 0.07401315789473684
2 0.609375 0.34786184210526316 0.03536184210526316 0.07236842105263158
4 0.6356907894736842 0.28289473684210525 0.13980263157894737 0.13404605263157895