1 0.5953947368421053 0.509046052631579 0.024671052631578948 0.10608552631578948
4 0.26480263157894735 0.4876644736842105 0.13651315789473684 0.15871710526315788
4 0.17023026315789475 0.8495065789473685 0.24095394736842105 0.28536184210526316
4 0.04029605263157895 0.7804276315789473 0.078125 0.20888157894736842
4 0.42023026315789475 0.36430921052631576 0.07401315789473684 0.10444078947368421
4 0.49588815789473684 0.3001644736842105 0.054276315789473686 0.07483552631578948
4 0.3412828947368421 0.359375 0.08141447368421052 0.08552631578947369
4 0.5518092105263158 0.2574013157894737 0.04029605263157895 0.0912828947368421
2 0.07894736842105263 0.5929276315789473 0.06332236842105263 0.1513157894736842
2 0.35526315789473684 0.5320723684210527 0.04029605263157895 0.11924342105263158
3 0.665296052631579 0.5444078947368421 0.02549342105263158 0.10197368421052631
2 0.3042763157894737 0.5304276315789473 0.04194078947368421 0.12335526315789473
2 0.21299342105263158 0.44819078947368424 0.047697368421052634 0.10361842105263158