0 0.41694078947368424 0.42598684210526316 0.03125 0.0962171052631579
4 0.680921052631579 0.4440789473684211 0.14226973684210525 0.16611842105263158
4 0.8125 0.8264802631578947 0.22615131578947367 0.3199013157894737
4 0.5583881578947368 0.34786184210526316 0.06743421052631579 0.09210526315789473
4 0.48848684210526316 0.375 0.05838815789473684 0.07730263157894737
4 0.7360197368421053 0.4095394736842105 0.08799342105263158 0.10444078947368421
2 0.5863486842105263 0.4720394736842105 0.04276315789473684 0.10279605263157894
2 0.9572368421052632 0.6011513157894737 0.07154605263157894 0.13733552631578946
4 0.5049342105263158 0.31167763157894735 0.04029605263157895 0.06332236842105263
2 0.5666118421052632 0.5435855263157895 0.04276315789473684 0.10197368421052631
3 0.3519736842105263 0.5970394736842105 0.027138157894736843 0.11266447368421052