1 0.5863486842105263 0.38980263157894735 0.023026315789473683 0.0805921052631579
4 0.48026315789473684 0.40707236842105265 0.0756578947368421 0.09457236842105263
4 0.39473684210526316 0.3988486842105263 0.08799342105263158 0.0962171052631579
4 0.1069078947368421 0.7393092105263158 0.21217105263157895 0.2993421052631579
4 0.3149671052631579 0.3001644736842105 0.17269736842105263 0.15460526315789475
4 0.48848684210526316 0.31167763157894735 0.046875 0.06907894736842106
4 0.5411184210526315 0.3092105263157895 0.04358552631578947 0.07730263157894737
4 0.4432565789473684 0.2845394736842105 0.06661184210526316 0.10032894736842106
4 0.5386513157894737 0.2894736842105263 0.038651315789473686 0.08634868421052631
3 0.6776315789473685 0.3527960526315789 0.018914473684210526 0.06085526315789474
3 0.6677631578947368 0.740953947368421 0.05345394736842105 0.13815789473684212
4 0.29851973684210525 0.3963815789473684 0.09950657894736842 0.09292763157894737