1 0.39473684210526316 0.4407894736842105 0.03042763157894737 0.10197368421052631
4 0.6389802631578947 0.5616776315789473 0.14226973684210525 0.18914473684210525
4 0.7154605263157895 0.4810855263157895 0.13157894736842105 0.17269736842105263
4 0.7705592105263158 0.4432565789473684 0.12828947368421054 0.11513157894736842
4 0.5748355263157895 0.36101973684210525 0.07236842105263158 0.08717105263157894
2 0.8240131578947368 0.9070723684210527 0.11266447368421052 0.16282894736842105
4 0.5082236842105263 0.38651315789473684 0.07072368421052631 0.09786184210526316
4 0.4712171052631579 0.32894736842105265 0.049342105263157895 0.07976973684210527
4 0.6389802631578947 0.3503289473684211 0.07401315789473684 0.07319078947368421
4 0.49588815789473684 0.3034539473684211 0.04111842105263158 0.06085526315789474
3 0.35526315789473684 0.7606907894736842 0.04276315789473684 0.14144736842105263
3 0.34539473684210525 0.5616776315789473 0.027960526315789474 0.10855263157894737
3 0.3059210526315789 0.6669407894736842 0.028782894736842105 0.13240131578947367