1 0.46875 0.5616776315789473 0.046052631578947366 0.13733552631578946
4 0.709703947368421 0.48848684210526316 0.14967105263157895 0.17269736842105263
4 0.9276315789473685 0.5863486842105263 0.14226973684210525 0.22286184210526316
4 0.4942434210526316 0.3675986842105263 0.07154605263157894 0.09868421052631579
4 0.5476973684210527 0.3371710526315789 0.05592105263157895 0.08141447368421052
4 0.6710526315789473 0.3782894736842105 0.08963815789473684 0.09292763157894737
4 0.4251644736842105 0.2935855263157895 0.038651315789473686 0.07236842105263158
4 0.6751644736842105 0.3034539473684211 0.13157894736842105 0.12006578947368421
4 0.47286184210526316 0.2754934210526316 0.03618421052631579 0.05838815789473684
2 0.8108552631578947 0.75 0.07319078947368421 0.19078947368421054
2 0.6291118421052632 0.5180921052631579 0.04276315789473684 0.11759868421052631
4 0.600328947368421 0.3157894736842105 0.05838815789473684 0.08634868421052631
2 0.7754934210526315 0.8511513157894737 0.09539473684210527 0.21052631578947367