1 0.4605263157894737 0.5082236842105263 0.032072368421052634 0.09868421052631579
4 0.696546052631579 0.618421052631579 0.19078947368421054 0.25164473684210525
4 0.5057565789473685 0.40542763157894735 0.07401315789473684 0.09868421052631579
4 0.9325657894736842 0.5904605263157895 0.13322368421052633 0.20394736842105263
4 0.6850328947368421 0.44819078947368424 0.13322368421052633 0.14802631578947367
4 0.4506578947368421 0.31661184210526316 0.04276315789473684 0.07319078947368421
4 0.5164473684210527 0.31332236842105265 0.05098684210526316 0.07976973684210527
4 0.5189144736842105 0.2837171052631579 0.04358552631578947 0.07730263157894737
4 0.6085526315789473 0.3412828947368421 0.06743421052631579 0.08634868421052631
3 0.3675986842105263 0.8791118421052632 0.05674342105263158 0.14802631578947367
3 0.3930921052631579 0.7763157894736842 0.047697368421052634 0.16365131578947367
2 0.7730263157894737 0.5970394736842105 0.06661184210526316 0.15789473684210525
2 0.5608552631578947 0.37664473684210525 0.027960526315789474 0.07483552631578948
2 0.740953947368421 0.4498355263157895 0.044407894736842105 0.0912828947368421
2 0.6924342105263158 0.37582236842105265 0.03125 0.06661184210526316