1 0.5057565789473685 0.5929276315789473 0.04523026315789474 0.13733552631578946
1 0.5279605263157895 0.712171052631579 0.07154605263157894 0.14391447368421054
4 0.6307565789473685 0.40542763157894735 0.09868421052631579 0.125
4 0.7574013157894737 0.4300986842105263 0.12088815789473684 0.13157894736842105
4 0.8240131578947368 0.8314144736842105 0.23355263157894737 0.3248355263157895
4 0.5263157894736842 0.41036184210526316 0.08141447368421052 0.11266447368421052
4 0.4440789473684211 0.3651315789473684 0.0625 0.0805921052631579
4 0.8462171052631579 0.6430921052631579 0.19325657894736842 0.21710526315789475
4 0.5016447368421053 0.29605263157894735 0.04276315789473684 0.06825657894736842
4 0.5945723684210527 0.3223684210526316 0.06332236842105263 0.06907894736842106
2 0.9185855263157895 0.5970394736842105 0.06825657894736842 0.14638157894736842