0 0.453125 0.48355263157894735 0.03453947368421053 0.10279605263157894
4 0.5805921052631579 0.8116776315789473 0.18914473684210525 0.3314144736842105
4 0.5205592105263158 0.3963815789473684 0.07648026315789473 0.10361842105263158
4 0.696546052631579 0.3815789473684211 0.08799342105263158 0.11019736842105263
4 0.4465460526315789 0.30756578947368424 0.04276315789473684 0.06743421052631579
4 0.6233552631578947 0.3939144736842105 0.09786184210526316 0.125
4 0.5254934210526315 0.3190789473684211 0.05756578947368421 0.07154605263157894
2 0.32401315789473684 0.5822368421052632 0.046052631578947366 0.11019736842105263
3 0.3527960526315789 0.5263157894736842 0.02138157894736842 0.09868421052631579
3 0.4136513157894737 0.8429276315789473 0.04851973684210526 0.15378289473684212
3 0.32319078947368424 0.5805921052631579 0.044407894736842105 0.10855263157894737