0 0.45805921052631576 0.819078947368421 0.08223684210526316 0.20888157894736842
4 0.4194078947368421 0.3725328947368421 0.08634868421052631 0.10115131578947369
4 0.10526315789473684 0.6776315789473685 0.2080592105263158 0.3059210526315789
4 0.27713815789473684 0.4185855263157895 0.10773026315789473 0.1069078947368421
2 0.2524671052631579 0.678453947368421 0.05756578947368421 0.16529605263157895
4 0.5172697368421053 0.2845394736842105 0.03700657894736842 0.05838815789473684
4 0.5699013157894737 0.2886513157894737 0.03782894736842105 0.05592105263157895
2 0.2911184210526316 0.4868421052631579 0.05180921052631579 0.0912828947368421
3 0.6710526315789473 0.6611842105263158 0.04029605263157895 0.12664473684210525
3 0.6587171052631579 0.7055921052631579 0.049342105263157895 0.14226973684210525
3 0.6324013157894737 0.6175986842105263 0.039473684210526314 0.1356907894736842
2 0.5740131578947368 0.3536184210526316 0.02549342105263158 0.06743421052631579