1 0.43832236842105265 0.5657894736842105 0.04111842105263158 0.1299342105263158
4 0.7072368421052632 0.8075657894736842 0.22450657894736842 0.35855263157894735
4 0.765625 0.4243421052631579 0.1225328947368421 0.14144736842105263
4 0.602796052631579 0.3930921052631579 0.09375 0.109375
4 0.524671052631579 0.4037828947368421 0.06661184210526316 0.10032894736842106
4 0.5213815789473685 0.3157894736842105 0.04851973684210526 0.07976973684210527
4 0.9185855263157895 0.7310855263157895 0.15871710526315788 0.2689144736842105
2 0.7837171052631579 0.5789473684210527 0.05921052631578947 0.14309210526315788
4 0.5986842105263158 0.32730263157894735 0.07319078947368421 0.07894736842105263
3 0.3470394736842105 0.6595394736842105 0.04194078947368421 0.13240131578947367
3 0.4194078947368421 0.8955592105263158 0.05263157894736842 0.18092105263157895
2 0.9358552631578947 0.6044407894736842 0.07072368421052631 0.10279605263157894