1 0.453125 0.8421052631578947 0.0649671052631579 0.19325657894736842
4 0.41118421052631576 0.4819078947368421 0.11677631578947369 0.15789473684210525
4 0.5723684210526315 0.44161184210526316 0.07319078947368421 0.09786184210526316
4 0.4465460526315789 0.34786184210526316 0.0625 0.08305921052631579
4 0.2730263157894737 0.48355263157894735 0.14226973684210525 0.17105263157894737
4 0.13980263157894737 0.484375 0.1825657894736842 0.2080592105263158
4 0.5296052631578947 0.3462171052631579 0.04851973684210526 0.06907894736842106
4 0.3215460526315789 0.3873355263157895 0.09703947368421052 0.09539473684210527
4 0.506578947368421 0.29605263157894735 0.046052631578947366 0.06743421052631579
3 0.6817434210526315 0.6883223684210527 0.04523026315789474 0.14638157894736842
3 0.615953947368421 0.7203947368421053 0.038651315789473686 0.13240131578947367
3 0.6480263157894737 0.49588815789473684 0.022203947368421052 0.09292763157894737
3 0.665296052631579 0.4292763157894737 0.022203947368421052 0.0756578947368421
2 0.3659539473684211 0.40131578947368424 0.02631578947368421 0.09046052631578948