1 0.4629934210526316 0.47039473684210525 0.03782894736842105 0.11019736842105263
4 0.8980263157894737 0.6858552631578947 0.19407894736842105 0.2236842105263158
4 0.6414473684210527 0.5493421052631579 0.13075657894736842 0.20476973684210525
4 0.5773026315789473 0.3626644736842105 0.0756578947368421 0.09539473684210527
4 0.9432565789473685 0.587171052631579 0.10526315789473684 0.1875
4 0.6570723684210527 0.4761513157894737 0.11677631578947369 0.12171052631578948
2 0.615953947368421 0.7154605263157895 0.06990131578947369 0.1875
2 0.7532894736842105 0.45476973684210525 0.038651315789473686 0.10361842105263158
4 0.600328947368421 0.32319078947368424 0.06578947368421052 0.078125
4 0.4868421052631579 0.2870065789473684 0.04029605263157895 0.055098684210526314
3 0.328125 0.5197368421052632 0.03042763157894737 0.10855263157894737
2 0.5230263157894737 0.4786184210526316 0.04111842105263158 0.11430921052631579
2 0.6817434210526315 0.37335526315789475 0.04851973684210526 0.08634868421052631