1 0.29194078947368424 0.9013157894736842 0.08799342105263158 0.19490131578947367
4 0.4457236842105263 0.34539473684210525 0.0625 0.0756578947368421
4 0.4300986842105263 0.5444078947368421 0.11759868421052631 0.14720394736842105
4 0.27631578947368424 0.4909539473684211 0.15789473684210525 0.1669407894736842
4 0.11430921052631579 0.828125 0.22615131578947367 0.3371710526315789
4 0.0962171052631579 0.5493421052631579 0.15707236842105263 0.15707236842105263
4 0.5879934210526315 0.33223684210526316 0.04276315789473684 0.0625
4 0.3347039473684211 0.35855263157894735 0.09786184210526316 0.08552631578947369
4 0.6077302631578947 0.2722039473684211 0.03125 0.05674342105263158
4 0.5575657894736842 0.2837171052631579 0.038651315789473686 0.05921052631578947
3 0.6603618421052632 0.7302631578947368 0.05756578947368421 0.1513157894736842