1 0.4144736842105263 0.8421052631578947 0.0625 0.1875
4 0.49835526315789475 0.5460526315789473 0.1118421052631579 0.14884868421052633
4 0.37088815789473684 0.41036184210526316 0.09539473684210527 0.109375
4 0.17105263157894737 0.8305921052631579 0.24177631578947367 0.32894736842105265
4 0.2582236842105263 0.4284539473684211 0.11759868421052631 0.1069078947368421
4 0.4564144736842105 0.3347039473684211 0.05838815789473684 0.08305921052631579
4 0.4564144736842105 0.4161184210526316 0.08223684210526316 0.11019736842105263
4 0.5024671052631579 0.3059210526315789 0.04194078947368421 0.05592105263157895
4 0.5476973684210527 0.3536184210526316 0.05345394736842105 0.08388157894736842
4 0.05674342105263158 0.7804276315789473 0.11101973684210527 0.3067434210526316
3 0.6669407894736842 0.43832236842105265 0.02549342105263158 0.08963815789473684