1 0.4942434210526316 0.634046052631579 0.046875 0.13486842105263158
1 0.5493421052631579 0.5106907894736842 0.03453947368421053 0.12828947368421054
4 0.1118421052631579 0.680921052631579 0.2080592105263158 0.23273026315789475
4 0.3980263157894737 0.546875 0.12582236842105263 0.15213815789473684
4 0.3684210526315789 0.34539473684210525 0.0756578947368421 0.08552631578947369
4 0.4317434210526316 0.3618421052631579 0.06661184210526316 0.08470394736842106
4 0.5912828947368421 0.30756578947368424 0.04029605263157895 0.06414473684210527
2 0.1669407894736842 0.5016447368421053 0.05016447368421053 0.09868421052631579
4 0.5773026315789473 0.2524671052631579 0.04194078947368421 0.07401315789473684
4 0.5172697368421053 0.2878289473684211 0.04358552631578947 0.06825657894736842
3 0.65625 0.7310855263157895 0.04276315789473684 0.17598684210526316