1 0.569078947368421 0.5106907894736842 0.04276315789473684 0.12088815789473684
4 0.14144736842105263 0.8174342105263158 0.24671052631578946 0.3190789473684211
4 0.41118421052631576 0.6151315789473685 0.16447368421052633 0.19078947368421054
4 0.42023026315789475 0.3840460526315789 0.09868421052631579 0.11019736842105263
4 0.04276315789473684 0.6208881578947368 0.0805921052631579 0.16940789473684212
4 0.3001644736842105 0.3881578947368421 0.08552631578947369 0.1118421052631579
4 0.5016447368421053 0.3026315789473684 0.04851973684210526 0.06414473684210527
2 0.1669407894736842 0.5756578947368421 0.0649671052631579 0.13651315789473684
2 0.17105263157894737 0.5164473684210527 0.05838815789473684 0.12911184210526316
2 0.29851973684210525 0.49588815789473684 0.04851973684210526 0.11348684210526316
2 0.2557565789473684 0.45148026315789475 0.04851973684210526 0.09868421052631579