1 0.43585526315789475 0.4720394736842105 0.029605263157894735 0.10608552631578948
4 0.6036184210526315 0.3807565789473684 0.10444078947368421 0.10361842105263158
4 0.5600328947368421 0.727796052631579 0.15707236842105263 0.2623355263157895
4 0.5172697368421053 0.3042763157894737 0.05263157894736842 0.07236842105263158
4 0.4465460526315789 0.30756578947368424 0.04111842105263158 0.06825657894736842
2 0.8717105263157895 0.6537828947368421 0.07648026315789473 0.17845394736842105
4 0.4251644736842105 0.38569078947368424 0.054276315789473686 0.07894736842105263
2 0.7261513157894737 0.506578947368421 0.04851973684210526 0.10773026315789473
2 0.7023026315789473 0.625 0.0625 0.15953947368421054
4 0.5740131578947368 0.31167763157894735 0.054276315789473686 0.06578947368421052
3 0.32401315789473684 0.4934210526315789 0.023848684210526317 0.08963815789473684
3 0.3626644736842105 0.6702302631578947 0.038651315789473686 0.12088815789473684
2 0.6348684210526315 0.4967105263157895 0.05180921052631579 0.12088815789473684