0 0.44901315789473684 0.5074013157894737 0.04029605263157895 0.11759868421052631
4 0.8355263157894737 0.4967105263157895 0.14884868421052633 0.13815789473684212
4 0.4654605263157895 0.34457236842105265 0.054276315789473686 0.07319078947368421
4 0.7894736842105263 0.5773026315789473 0.17023026315789475 0.1875
4 0.5822368421052632 0.3815789473684211 0.08552631578947369 0.09046052631578948
2 0.6266447368421053 0.5904605263157895 0.05345394736842105 0.13075657894736842
4 0.5016447368421053 0.3034539473684211 0.05016447368421053 0.06414473684210527
2 0.7606907894736842 0.694078947368421 0.0649671052631579 0.18421052631578946
4 0.6389802631578947 0.3560855263157895 0.07483552631578948 0.08141447368421052
4 0.7384868421052632 0.3338815789473684 0.16776315789473684 0.14226973684210525
4 0.4654605263157895 0.24095394736842105 0.03125 0.05180921052631579
3 0.32401315789473684 0.6611842105263158 0.04111842105263158 0.13980263157894737