1 0.40625 0.4498355263157895 0.027960526315789474 0.08717105263157894
1 0.53125 0.9054276315789473 0.06332236842105263 0.1875
4 0.8741776315789473 0.634046052631579 0.1875 0.24588815789473684
4 0.4819078947368421 0.5 0.09375 0.13240131578947367
4 0.649671052631579 0.5493421052631579 0.14802631578947367 0.19407894736842105
4 0.6825657894736842 0.4473684210526316 0.125 0.1356907894736842
4 0.5172697368421053 0.38569078947368424 0.06825657894736842 0.08388157894736842
4 0.7894736842105263 0.44901315789473684 0.13322368421052633 0.13075657894736842
4 0.4144736842105263 0.31332236842105265 0.04276315789473684 0.08388157894736842
4 0.4917763157894737 0.3215460526315789 0.047697368421052634 0.08305921052631579
3 0.33223684210526316 0.5674342105263158 0.03042763157894737 0.11019736842105263