1 0.5550986842105263 0.4745065789473684 0.03782894736842105 0.1069078947368421
4 0.22615131578947367 0.7450657894736842 0.23519736842105263 0.31085526315789475
4 0.23601973684210525 0.5526315789473685 0.15789473684210525 0.16858552631578946
4 0.4769736842105263 0.4004934210526316 0.078125 0.1069078947368421
4 0.5419407894736842 0.31661184210526316 0.05345394736842105 0.07319078947368421
4 0.42598684210526316 0.3626644736842105 0.0649671052631579 0.07483552631578948
4 0.33223684210526316 0.36348684210526316 0.09375 0.10197368421052631
4 0.05180921052631579 0.6175986842105263 0.09950657894736842 0.17763157894736842
4 0.48848684210526316 0.31332236842105265 0.04523026315789474 0.06825657894736842
4 0.48355263157894735 0.2837171052631579 0.04276315789473684 0.07730263157894737
3 0.6636513157894737 0.522203947368421 0.03125 0.10115131578947369