1 0.4375 0.4810855263157895 0.03782894736842105 0.1118421052631579
4 0.4292763157894737 0.3963815789473684 0.05921052631578947 0.08717105263157894
4 0.6291118421052632 0.4185855263157895 0.08881578947368421 0.10197368421052631
4 0.6726973684210527 0.3684210526315789 0.09292763157894737 0.08717105263157894
4 0.5337171052631579 0.3157894736842105 0.05756578947368421 0.09292763157894737
4 0.9490131578947368 0.600328947368421 0.10032894736842106 0.19654605263157895
4 0.48273026315789475 0.2845394736842105 0.03782894736842105 0.06578947368421052
2 0.8544407894736842 0.6332236842105263 0.07072368421052631 0.14884868421052633
4 0.43256578947368424 0.28042763157894735 0.038651315789473686 0.09786184210526316
2 0.678453947368421 0.6011513157894737 0.05921052631578947 0.16940789473684212
3 0.3412828947368421 0.602796052631579 0.028782894736842105 0.10773026315789473
3 0.3667763157894737 0.8199013157894737 0.05674342105263158 0.13404605263157895
2 0.8338815789473685 0.5493421052631579 0.07730263157894737 0.12335526315789473
2 0.6702302631578947 0.5230263157894737 0.06743421052631579 0.11513157894736842
2 0.5427631578947368 0.4375 0.04194078947368421 0.09457236842105263