1 0.40542763157894735 0.5049342105263158 0.032072368421052634 0.0962171052631579
4 0.7993421052631579 0.727796052631579 0.21052631578947367 0.29194078947368424
4 0.5838815789473685 0.4564144736842105 0.12664473684210525 0.14309210526315788
4 0.5641447368421053 0.6208881578947368 0.14226973684210525 0.2080592105263158
4 0.6044407894736842 0.37911184210526316 0.08717105263157894 0.10855263157894737
2 0.8207236842105263 0.5476973684210527 0.05838815789473684 0.11759868421052631
2 0.7310855263157895 0.484375 0.05345394736842105 0.1118421052631579
4 0.5230263157894737 0.31743421052631576 0.049342105263157895 0.07483552631578948
2 0.9547697368421053 0.678453947368421 0.0756578947368421 0.15378289473684212
4 0.647203947368421 0.36101973684210525 0.08799342105263158 0.09868421052631579
3 0.37006578947368424 0.8881578947368421 0.06743421052631579 0.19325657894736842
3 0.30756578947368424 0.6644736842105263 0.03125 0.13651315789473684