1 0.7425986842105263 0.8305921052631579 0.09210526315789473 0.17598684210526316
1 0.42351973684210525 0.5370065789473685 0.03700657894736842 0.11430921052631579
4 0.8495065789473685 0.6225328947368421 0.18503289473684212 0.19901315789473684
4 0.8544407894736842 0.5 0.16447368421052633 0.15542763157894737
4 0.625 0.5180921052631579 0.11842105263157894 0.14638157894736842
4 0.5098684210526315 0.5296052631578947 0.11101973684210527 0.13651315789473684
4 0.5139802631578947 0.3182565789473684 0.05756578947368421 0.0805921052631579
4 0.5945723684210527 0.390625 0.07648026315789473 0.08963815789473684
4 0.5485197368421053 0.29276315789473684 0.047697368421052634 0.06661184210526316
4 0.4449013157894737 0.29605263157894735 0.04029605263157895 0.07236842105263158
4 0.6480263157894737 0.3569078947368421 0.08305921052631579 0.08881578947368421
2 0.7648026315789473 0.4967105263157895 0.05180921052631579 0.10855263157894737