1 0.40460526315789475 0.5008223684210527 0.02055921052631579 0.09046052631578948
4 0.7582236842105263 0.6916118421052632 0.20148026315789475 0.25411184210526316
4 0.5953947368421053 0.7220394736842105 0.16200657894736842 0.2787828947368421
4 0.4407894736842105 0.4144736842105263 0.060032894736842105 0.09210526315789473
4 0.6085526315789473 0.39144736842105265 0.08963815789473684 0.11430921052631579
4 0.6751644736842105 0.3692434210526316 0.08388157894736842 0.08634868421052631
4 0.43667763157894735 0.34457236842105265 0.05674342105263158 0.08963815789473684
2 0.8125 0.899671052631579 0.09539473684210527 0.1825657894736842
4 0.5123355263157895 0.3651315789473684 0.054276315789473686 0.0805921052631579
2 0.7606907894736842 0.5263157894736842 0.07236842105263158 0.11924342105263158
4 0.9547697368421053 0.7245065789473685 0.08799342105263158 0.22615131578947367
2 0.5501644736842105 0.5 0.05180921052631579 0.11924342105263158
2 0.6052631578947368 0.5756578947368421 0.05592105263157895 0.13486842105263158
2 0.8067434210526315 0.5904605263157895 0.07236842105263158 0.140625
2 0.6529605263157895 0.48273026315789475 0.061677631578947366 0.11924342105263158
2 0.5789473684210527 0.453125 0.04194078947368421 0.11430921052631579