1 0.5682565789473685 0.5337171052631579 0.04111842105263158 0.11924342105263158
4 0.453125 0.43338815789473684 0.09457236842105263 0.14144736842105263
4 0.4967105263157895 0.31167763157894735 0.061677631578947366 0.08717105263157894
4 0.32976973684210525 0.3717105263157895 0.08470394736842106 0.09539473684210527
4 0.1513157894736842 0.6324013157894737 0.20230263157894737 0.21546052631578946
4 0.5452302631578947 0.37006578947368424 0.054276315789473686 0.0756578947368421
4 0.5567434210526315 0.3059210526315789 0.03700657894736842 0.06414473684210527
2 0.26398026315789475 0.6373355263157895 0.05592105263157895 0.14144736842105263
2 0.28289473684210525 0.4942434210526316 0.04523026315789474 0.10361842105263158
4 0.07730263157894737 0.5649671052631579 0.15378289473684212 0.20888157894736842
4 0.38898026315789475 0.38980263157894735 0.08881578947368421 0.10444078947368421
4 0.5888157894736842 0.27713815789473684 0.03536184210526316 0.055098684210526314