1 0.4629934210526316 0.803453947368421 0.06990131578947369 0.20065789473684212
4 0.4753289473684211 0.5419407894736842 0.1069078947368421 0.14638157894736842
4 0.4128289473684211 0.37417763157894735 0.06907894736842106 0.078125
4 0.23848684210526316 0.5123355263157895 0.16036184210526316 0.1825657894736842
4 0.48848684210526316 0.37006578947368424 0.07319078947368421 0.09210526315789473
4 0.41118421052631576 0.31332236842105265 0.060032894736842105 0.06990131578947369
4 0.5674342105263158 0.36430921052631576 0.05592105263157895 0.06907894736842106
2 0.22039473684210525 0.6924342105263158 0.06332236842105263 0.16529605263157895
2 0.3347039473684211 0.5666118421052632 0.055098684210526314 0.13486842105263158
4 0.4120065789473684 0.3470394736842105 0.06907894736842106 0.12171052631578948
4 0.5370065789473685 0.2746710526315789 0.03453947368421053 0.05098684210526316
2 0.3873355263157895 0.4810855263157895 0.03782894736842105 0.10361842105263158
3 0.6422697368421053 0.6011513157894737 0.047697368421052634 0.13075657894736842
3 0.6677631578947368 0.725328947368421 0.061677631578947366 0.15707236842105263