1 0.506578947368421 0.9078947368421053 0.0805921052631579 0.1669407894736842
4 0.803453947368421 0.5666118421052632 0.17351973684210525 0.20394736842105263
4 0.48026315789473684 0.3404605263157895 0.05345394736842105 0.07483552631578948
4 0.899671052631579 0.5164473684210527 0.18585526315789475 0.20970394736842105
4 0.6365131578947368 0.39144736842105265 0.08141447368421052 0.09292763157894737
4 0.5740131578947368 0.45805921052631576 0.12006578947368421 0.16611842105263158
4 0.8692434210526315 0.8421052631578947 0.25493421052631576 0.30838815789473684
4 0.602796052631579 0.32976973684210525 0.055098684210526314 0.06743421052631579
2 0.5921052631578947 0.6069078947368421 0.08223684210526316 0.15460526315789475
2 0.48601973684210525 0.7088815789473685 0.05592105263157895 0.14226973684210525
2 0.7014802631578947 0.39144736842105265 0.04029605263157895 0.08552631578947369
2 0.5592105263157895 0.34210526315789475 0.028782894736842105 0.06332236842105263