1 0.5139802631578947 0.7467105263157895 0.05016447368421053 0.17105263157894737
4 0.7417763157894737 0.5041118421052632 0.15049342105263158 0.17023026315789475
4 0.4967105263157895 0.36430921052631576 0.06332236842105263 0.07976973684210527
4 0.5822368421052632 0.31661184210526316 0.060032894736842105 0.07894736842105263
2 0.7335526315789473 0.7796052631578947 0.08388157894736842 0.20065789473684212
4 0.45476973684210525 0.31743421052631576 0.04851973684210526 0.07236842105263158
2 0.6052631578947368 0.3717105263157895 0.02549342105263158 0.08552631578947369
4 0.5230263157894737 0.32319078947368424 0.046875 0.06825657894736842
2 0.9605263157894737 0.615953947368421 0.07236842105263158 0.15378289473684212
2 0.8791118421052632 0.8421052631578947 0.08388157894736842 0.20970394736842105
2 0.3659539473684211 0.328125 0.07319078947368421 0.05838815789473684