1 0.4605263157894737 0.5353618421052632 0.03700657894736842 0.12911184210526316
4 0.5740131578947368 0.43914473684210525 0.11101973684210527 0.14802631578947367
4 0.5707236842105263 0.3092105263157895 0.061677631578947366 0.07730263157894737
4 0.3404605263157895 0.2911184210526316 0.05756578947368421 0.07401315789473684
2 0.7006578947368421 0.47286184210526316 0.04111842105263158 0.1069078947368421
2 0.828125 0.7541118421052632 0.07730263157894737 0.18832236842105263
4 0.4136513157894737 0.24671052631578946 0.03289473684210526 0.06578947368421052
4 0.8873355263157895 0.631578947368421 0.21792763157894737 0.39144736842105265
4 0.5328947368421053 0.3256578947368421 0.049342105263157895 0.06414473684210527
4 0.43256578947368424 0.3100328947368421 0.03700657894736842 0.05838815789473684
3 0.3305921052631579 0.5279605263157895 0.039473684210526314 0.10115131578947369