1 0.5699013157894737 0.5600328947368421 0.049342105263157895 0.11430921052631579
4 0.33881578947368424 0.46381578947368424 0.12088815789473684 0.12335526315789473
4 0.21052631578947367 0.6883223684210527 0.18914473684210525 0.23766447368421054
4 0.3125 0.3832236842105263 0.08799342105263158 0.09868421052631579
4 0.4465460526315789 0.3667763157894737 0.06990131578947369 0.08552631578947369
4 0.5682565789473685 0.3824013157894737 0.05838815789473684 0.07730263157894737
4 0.5567434210526315 0.3223684210526316 0.05263157894736842 0.0756578947368421
4 0.5082236842105263 0.5131578947368421 0.09786184210526316 0.13404605263157895
2 0.4309210526315789 0.43914473684210525 0.03042763157894737 0.0805921052631579
4 0.4194078947368421 0.3092105263157895 0.05674342105263158 0.07154605263157894
4 0.537828947368421 0.24753289473684212 0.04276315789473684 0.07976973684210527
2 0.3717105263157895 0.5986842105263158 0.05838815789473684 0.14802631578947367
4 0.4868421052631579 0.3404605263157895 0.046875 0.09210526315789473
4 0.15789473684210525 0.5049342105263158 0.1356907894736842 0.12828947368421054
4 0.1225328947368421 0.5098684210526315 0.08881578947368421 0.12171052631578948
3 0.6726973684210527 0.5435855263157895 0.028782894736842105 0.10197368421052631
2 0.38651315789473684 0.5353618421052632 0.05345394736842105 0.13404605263157895
2 0.125 0.578125 0.05674342105263158 0.13651315789473684
2 0.17434210526315788 0.5838815789473685 0.0649671052631579 0.13075657894736842