1 0.5649671052631579 0.803453947368421 0.06578947368421052 0.18832236842105263
1 0.48026315789473684 0.5773026315789473 0.04111842105263158 0.14802631578947367
1 0.43667763157894735 0.43667763157894735 0.02631578947368421 0.10444078947368421
4 0.6134868421052632 0.3379934210526316 0.07730263157894737 0.07976973684210527
4 0.6488486842105263 0.44819078947368424 0.13404605263157895 0.13404605263157895
4 0.4925986842105263 0.3404605263157895 0.05345394736842105 0.07154605263157894
2 0.9506578947368421 0.7228618421052632 0.07401315789473684 0.17023026315789475
4 0.4342105263157895 0.3536184210526316 0.046875 0.06825657894736842
4 0.7639802631578947 0.43256578947368424 0.13322368421052633 0.14720394736842105
4 0.48355263157894735 0.2878289473684211 0.04111842105263158 0.055098684210526314
4 0.7754934210526315 0.3527960526315789 0.24259868421052633 0.22286184210526316
3 0.33963815789473684 0.727796052631579 0.05016447368421053 0.15707236842105263