1 0.5682565789473685 0.42680921052631576 0.03453947368421053 0.0962171052631579
4 0.46381578947368424 0.34539473684210525 0.0649671052631579 0.07730263157894737
4 0.3026315789473684 0.4194078947368421 0.12746710526315788 0.14638157894736842
4 0.45148026315789475 0.4440789473684211 0.08799342105263158 0.1069078947368421
4 0.171875 0.6398026315789473 0.1875 0.203125
4 0.484375 0.2738486842105263 0.03782894736842105 0.05180921052631579
2 0.08717105263157894 0.6241776315789473 0.060032894736842105 0.13651315789473684
4 0.5625 0.3026315789473684 0.046875 0.06907894736842106
4 0.6052631578947368 0.26644736842105265 0.03125 0.05756578947368421
2 0.5205592105263158 0.37582236842105265 0.022203947368421052 0.06414473684210527
3 0.6726973684210527 0.647203947368421 0.03618421052631579 0.12335526315789473
3 0.671875 0.5115131578947368 0.023026315789473683 0.09210526315789473