1 0.5263157894736842 0.5304276315789473 0.04276315789473684 0.125
4 0.5649671052631579 0.4621710526315789 0.09210526315789473 0.125
4 0.9021381578947368 0.6957236842105263 0.19490131578947367 0.3338815789473684
4 0.6381578947368421 0.4152960526315789 0.09950657894736842 0.12006578947368421
4 0.45148026315789475 0.4810855263157895 0.08305921052631579 0.12088815789473684
4 0.5172697368421053 0.3157894736842105 0.047697368421052634 0.06743421052631579
4 0.8379934210526315 0.4769736842105263 0.14226973684210525 0.13651315789473684
4 0.8643092105263158 0.3972039473684211 0.26973684210526316 0.2779605263157895
3 0.40460526315789475 0.928453947368421 0.055098684210526314 0.1299342105263158
3 0.3363486842105263 0.3684210526315789 0.013980263157894737 0.06661184210526316
3 0.3462171052631579 0.5805921052631579 0.028782894736842105 0.10115131578947369
4 0.6307565789473685 0.359375 0.08552631578947369 0.078125