1 0.540296052631579 0.8692434210526315 0.05592105263157895 0.17845394736842105
4 0.649671052631579 0.8305921052631579 0.24588815789473684 0.32401315789473684
4 0.8774671052631579 0.6513157894736842 0.1768092105263158 0.21217105263157895
4 0.6241776315789473 0.39144736842105265 0.1069078947368421 0.14884868421052633
4 0.5008223684210527 0.3651315789473684 0.06332236842105263 0.09210526315789473
4 0.42680921052631576 0.3001644736842105 0.038651315789473686 0.06414473684210527
4 0.6751644736842105 0.37088815789473684 0.07072368421052631 0.09703947368421052
4 0.5394736842105263 0.3314144736842105 0.0625 0.07483552631578948
4 0.9325657894736842 0.5904605263157895 0.12335526315789473 0.20888157894736842
4 0.48273026315789475 0.2911184210526316 0.039473684210526314 0.06990131578947369
2 0.7105263157894737 0.5674342105263158 0.05016447368421053 0.13157894736842105
2 0.7236842105263158 0.7064144736842105 0.07648026315789473 0.20476973684210525
2 0.8100328947368421 0.7179276315789473 0.07154605263157894 0.1981907894736842
2 0.8223684210526315 0.524671052631579 0.05263157894736842 0.11759868421052631