1 0.5995065789473685 0.9350328947368421 0.07730263157894737 0.12828947368421054
4 0.7384868421052632 0.5057565789473685 0.14473684210526316 0.1611842105263158
4 0.4868421052631579 0.5476973684210527 0.10444078947368421 0.15707236842105263
4 0.6422697368421053 0.3536184210526316 0.08799342105263158 0.09457236842105263
2 0.6398026315789473 0.6447368421052632 0.05016447368421053 0.16447368421052633
4 0.5057565789473685 0.37088815789473684 0.06661184210526316 0.09292763157894737
2 0.5822368421052632 0.46957236842105265 0.038651315789473686 0.10855263157894737
3 0.35526315789473684 0.712171052631579 0.03700657894736842 0.1356907894736842
3 0.34292763157894735 0.6036184210526315 0.028782894736842105 0.109375
4 0.5641447368421053 0.3569078947368421 0.07319078947368421 0.08552631578947369
2 0.4925986842105263 0.43832236842105265 0.03453947368421053 0.11266447368421052