1 0.5764802631578947 0.899671052631579 0.0756578947368421 0.19325657894736842
4 0.790296052631579 0.7491776315789473 0.21134868421052633 0.27055921052631576
4 0.5435855263157895 0.43585526315789475 0.08963815789473684 0.09868421052631579
4 0.5049342105263158 0.31085526315789475 0.05180921052631579 0.06414473684210527
2 0.8569078947368421 0.6044407894736842 0.0649671052631579 0.12911184210526316
4 0.631578947368421 0.3930921052631579 0.0912828947368421 0.10444078947368421
2 0.7680921052631579 0.43832236842105265 0.04194078947368421 0.09786184210526316
4 0.3215460526315789 0.31661184210526316 0.03700657894736842 0.0625
4 0.5518092105263158 0.29769736842105265 0.05098684210526316 0.05921052631578947
3 0.3404605263157895 0.5625 0.028782894736842105 0.109375
3 0.3092105263157895 0.5986842105263158 0.033717105263157895 0.12911184210526316
3 0.32648026315789475 0.5024671052631579 0.024671052631578948 0.10115131578947369