1 0.7319078947368421 0.865953947368421 0.0912828947368421 0.17105263157894737
1 0.45805921052631576 0.5953947368421053 0.04276315789473684 0.12664473684210525
1 0.48930921052631576 0.5501644736842105 0.04276315789473684 0.12335526315789473
4 0.678453947368421 0.5962171052631579 0.16858552631578946 0.22286184210526316
4 0.8182565789473685 0.4712171052631579 0.14144736842105263 0.14226973684210525
4 0.6077302631578947 0.3684210526315789 0.10526315789473684 0.125
4 0.5353618421052632 0.4251644736842105 0.08881578947368421 0.10279605263157894
4 0.4506578947368421 0.4128289473684211 0.06332236842105263 0.09457236842105263
2 0.84375 0.5921052631578947 0.0649671052631579 0.12911184210526316
4 0.4745065789473684 0.30180921052631576 0.047697368421052634 0.07319078947368421
4 0.5394736842105263 0.30838815789473684 0.05016447368421053 0.08470394736842106