0 0.5995065789473685 0.9169407894736842 0.07072368421052631 0.16365131578947367
4 0.5855263157894737 0.4588815789473684 0.09868421052631579 0.12088815789473684
4 0.5148026315789473 0.31661184210526316 0.06332236842105263 0.07894736842105263
4 0.9243421052631579 0.6825657894736842 0.14967105263157895 0.21546052631578946
4 0.6669407894736842 0.4243421052631579 0.11101973684210527 0.12828947368421054
4 0.9013157894736842 0.8766447368421053 0.19572368421052633 0.23108552631578946
2 0.5353618421052632 0.6126644736842105 0.05345394736842105 0.18667763157894737
2 0.631578947368421 0.6241776315789473 0.055098684210526314 0.15953947368421054
2 0.7680921052631579 0.4407894736842105 0.038651315789473686 0.09703947368421052
2 0.8947368421052632 0.5608552631578947 0.060032894736842105 0.10361842105263158
2 0.5263157894736842 0.46875 0.046052631578947366 0.10115131578947369