1 0.45394736842105265 0.5657894736842105 0.039473684210526314 0.13980263157894737
1 0.40542763157894735 0.5016447368421053 0.024671052631578948 0.10773026315789473
4 0.4621710526315789 0.4037828947368421 0.06332236842105263 0.09210526315789473
4 0.5756578947368421 0.4876644736842105 0.10608552631578948 0.12582236842105263
4 0.5575657894736842 0.34210526315789475 0.06661184210526316 0.08717105263157894
4 0.6455592105263158 0.42598684210526316 0.10608552631578948 0.109375
4 0.6842105263157895 0.38569078947368424 0.08634868421052631 0.0912828947368421
2 0.8379934210526315 0.5953947368421053 0.05921052631578947 0.13075657894736842
4 0.9317434210526315 0.5822368421052632 0.12417763157894737 0.15460526315789475
4 0.49506578947368424 0.3026315789473684 0.04194078947368421 0.05592105263157895
2 0.8018092105263158 0.49835526315789475 0.047697368421052634 0.09539473684210527
4 0.631578947368421 0.28536184210526316 0.1356907894736842 0.12417763157894737
3 0.3149671052631579 0.5921052631578947 0.027138157894736843 0.10855263157894737
3 0.3503289473684211 0.600328947368421 0.03125 0.10444078947368421