1 0.5 0.7483552631578947 0.07154605263157894 0.18585526315789475
4 0.8692434210526315 0.6825657894736842 0.25493421052631576 0.24259868421052633
4 0.5287828947368421 0.5707236842105263 0.1299342105263158 0.16036184210526316
4 0.4432565789473684 0.41036184210526316 0.05921052631578947 0.08388157894736842
4 0.6924342105263158 0.37911184210526316 0.09703947368421052 0.09703947368421052
4 0.6447368421052632 0.4473684210526316 0.10608552631578948 0.10773026315789473
4 0.5205592105263158 0.3125 0.047697368421052634 0.06907894736842106
4 0.48273026315789475 0.359375 0.05674342105263158 0.07236842105263158
4 0.915296052631579 0.5542763157894737 0.16036184210526316 0.17434210526315788
4 0.5583881578947368 0.3536184210526316 0.0625 0.07894736842105263
2 0.6381578947368421 0.5328947368421053 0.047697368421052634 0.12582236842105263
2 0.9004934210526315 0.928453947368421 0.15542763157894737 0.1118421052631579
4 0.4605263157894737 0.3092105263157895 0.04358552631578947 0.06414473684210527
4 0.5797697368421053 0.3149671052631579 0.05180921052631579 0.06414473684210527
3 0.32648026315789475 0.5041118421052632 0.02631578947368421 0.0912828947368421
2 0.787828947368421 0.6817434210526315 0.07401315789473684 0.17105263157894737
2 0.5707236842105263 0.43832236842105265 0.04276315789473684 0.109375
2 0.5435855263157895 0.48519736842105265 0.046875 0.10773026315789473