1 0.5427631578947368 0.9046052631578947 0.06085526315789474 0.18914473684210525
4 0.4810855263157895 0.34539473684210525 0.055098684210526314 0.08552631578947369
4 0.8495065789473685 0.850328947368421 0.23108552631578946 0.2713815789473684
4 0.759046052631579 0.5493421052631579 0.14884868421052633 0.16447368421052633
4 0.5567434210526315 0.3511513157894737 0.06085526315789474 0.08963815789473684
4 0.5641447368421053 0.4465460526315789 0.09210526315789473 0.11842105263157894
4 0.8379934210526315 0.4777960526315789 0.17927631578947367 0.19654605263157895
4 0.5888157894736842 0.3199013157894737 0.061677631578947366 0.07894736842105263
4 0.9819078947368421 0.8388157894736842 0.03536184210526316 0.17434210526315788
2 0.6883223684210527 0.3782894736842105 0.03700657894736842 0.07401315789473684
2 0.7055921052631579 0.4432565789473684 0.04111842105263158 0.09210526315789473