1 0.6019736842105263 0.40131578947368424 0.024671052631578948 0.078125
4 0.32976973684210525 0.5970394736842105 0.15378289473684212 0.23519736842105263
4 0.08223684210526316 0.7129934210526315 0.15953947368421054 0.3223684210526316
4 0.38898026315789475 0.37582236842105265 0.109375 0.13486842105263158
4 0.4786184210526316 0.31332236842105265 0.060032894736842105 0.08634868421052631
4 0.24917763157894737 0.421875 0.11677631578947369 0.1299342105263158
4 0.5230263157894737 0.3470394736842105 0.05098684210526316 0.09210526315789473
4 0.17023026315789475 0.3675986842105263 0.2878289473684211 0.23684210526315788
4 0.04358552631578947 0.5633223684210527 0.08388157894736842 0.16365131578947367
3 0.6480263157894737 0.5978618421052632 0.02549342105263158 0.10773026315789473
3 0.6792763157894737 0.5830592105263158 0.02631578947368421 0.1069078947368421
2 0.28536184210526316 0.5024671052631579 0.04851973684210526 0.1299342105263158