1 0.5953947368421053 0.8708881578947368 0.06907894736842106 0.21134868421052633
4 0.5699013157894737 0.36430921052631576 0.06907894736842106 0.08141447368421052
2 0.7319078947368421 0.6299342105263158 0.05592105263157895 0.15213815789473684
4 0.44819078947368424 0.3042763157894737 0.04111842105263158 0.06085526315789474
4 0.7787828947368421 0.45230263157894735 0.12335526315789473 0.13486842105263158
2 0.5518092105263158 0.48848684210526316 0.03618421052631579 0.10773026315789473
4 0.553453947368421 0.30180921052631576 0.05263157894736842 0.0625
2 0.9671052631578947 0.7935855263157895 0.0625 0.17516447368421054
2 0.4786184210526316 0.37006578947368424 0.023026315789473683 0.07483552631578948
3 0.3059210526315789 0.5419407894736842 0.022203947368421052 0.09210526315789473
3 0.3371710526315789 0.4309210526315789 0.022203947368421052 0.08552631578947369
3 0.3199013157894737 0.33963815789473684 0.012335526315789474 0.06332236842105263