1 0.5460526315789473 0.8009868421052632 0.06743421052631579 0.17516447368421054
4 0.8700657894736842 0.6299342105263158 0.21875 0.23519736842105263
4 0.5674342105263158 0.4243421052631579 0.08799342105263158 0.11513157894736842
4 0.7113486842105263 0.4037828947368421 0.09786184210526316 0.10608552631578948
4 0.7574013157894737 0.8289473684210527 0.2574013157894737 0.3305921052631579
4 0.5230263157894737 0.3182565789473684 0.061677631578947366 0.0805921052631579
4 0.4662828947368421 0.3363486842105263 0.05016447368421053 0.06332236842105263
2 0.6044407894736842 0.5756578947368421 0.046875 0.1356907894736842
4 0.48026315789473684 0.25164473684210525 0.032072368421052634 0.061677631578947366
3 0.39226973684210525 0.3503289473684211 0.01644736842105263 0.07319078947368421
2 0.7730263157894737 0.6307565789473685 0.07154605263157894 0.15378289473684212
1 0.4432565789473684 0.47368421052631576 0.03289473684210526 0.10197368421052631