1 0.40460526315789475 0.509046052631579 0.024671052631578948 0.10608552631578948
4 0.7351973684210527 0.4876644736842105 0.13651315789473684 0.15871710526315788
4 0.8297697368421053 0.8495065789473685 0.24095394736842105 0.28536184210526316
4 0.959703947368421 0.7804276315789473 0.078125 0.20888157894736842
4 0.5797697368421053 0.36430921052631576 0.07401315789473684 0.10444078947368421
4 0.5041118421052632 0.3001644736842105 0.054276315789473686 0.07483552631578948
4 0.6587171052631579 0.359375 0.08141447368421052 0.08552631578947369
4 0.44819078947368424 0.2574013157894737 0.04029605263157895 0.0912828947368421
2 0.9210526315789473 0.5929276315789473 0.06332236842105263 0.1513157894736842
2 0.6447368421052632 0.5320723684210527 0.04029605263157895 0.11924342105263158
3 0.3347039473684211 0.5444078947368421 0.02549342105263158 0.10197368421052631
2 0.6957236842105263 0.5304276315789473 0.04194078947368421 0.12335526315789473
2 0.7870065789473685 0.44819078947368424 0.047697368421052634 0.10361842105263158