1 0.4087171052631579 0.484375 0.03289473684210526 0.12006578947368421
1 0.5509868421052632 0.6175986842105263 0.04358552631578947 0.13404605263157895
4 0.5912828947368421 0.3782894736842105 0.08141447368421052 0.09868421052631579
4 0.8141447368421053 0.821546052631579 0.22861842105263158 0.3338815789473684
4 0.7845394736842105 0.5411184210526315 0.17516447368421054 0.21052631578947367
4 0.515625 0.3939144736842105 0.07483552631578948 0.10032894736842106
4 0.6439144736842105 0.34539473684210525 0.09292763157894737 0.10444078947368421
4 0.8388157894736842 0.49588815789473684 0.13486842105263158 0.14226973684210525
4 0.5230263157894737 0.31085526315789475 0.04358552631578947 0.07154605263157894
4 0.44161184210526316 0.3569078947368421 0.049342105263157895 0.07401315789473684
2 0.6644736842105263 0.44243421052631576 0.03782894736842105 0.10032894736842106
3 0.31661184210526316 0.4440789473684211 0.018914473684210526 0.07894736842105263
3 0.3363486842105263 0.33881578947368424 0.015625 0.06661184210526316
2 0.7754934210526315 0.6381578947368421 0.07072368421052631 0.11842105263157894