1 0.5123355263157895 0.662828947368421 0.04276315789473684 0.17023026315789475
4 0.6192434210526315 0.537828947368421 0.13157894736842105 0.18667763157894737
4 0.4613486842105263 0.3412828947368421 0.05263157894736842 0.07483552631578948
4 0.6019736842105263 0.40707236842105265 0.10444078947368421 0.1118421052631579
4 0.6644736842105263 0.3717105263157895 0.08552631578947369 0.08881578947368421
4 0.928453947368421 0.7475328947368421 0.14226973684210525 0.3050986842105263
4 0.5024671052631579 0.3092105263157895 0.046875 0.06990131578947369
4 0.5748355263157895 0.31332236842105265 0.05592105263157895 0.0756578947368421
2 0.7689144736842105 0.4629934210526316 0.04111842105263158 0.09868421052631579
2 0.5164473684210527 0.37417763157894735 0.027960526315789474 0.08388157894736842
4 0.4243421052631579 0.28125 0.03700657894736842 0.05838815789473684
2 0.8297697368421053 0.5493421052631579 0.054276315789473686 0.12664473684210525
2 0.5115131578947368 0.5148026315789473 0.04523026315789474 0.11842105263157894
4 0.9087171052631579 0.5386513157894737 0.18092105263157895 0.18667763157894737