1 0.5049342105263158 0.7195723684210527 0.06661184210526316 0.16940789473684212
4 0.18421052631578946 0.4745065789473684 0.14473684210526316 0.1455592105263158
4 0.359375 0.4309210526315789 0.10032894736842106 0.11430921052631579
4 0.4506578947368421 0.34210526315789475 0.0649671052631579 0.07319078947368421
2 0.14391447368421054 0.615953947368421 0.07072368421052631 0.15296052631578946
4 0.53125 0.3190789473684211 0.04276315789473684 0.06578947368421052
2 0.24259868421052633 0.6916118421052632 0.078125 0.1825657894736842
4 0.3462171052631579 0.3527960526315789 0.08963815789473684 0.09210526315789473
2 0.04523026315789474 0.9013157894736842 0.08634868421052631 0.17763157894736842
3 0.65625 0.6241776315789473 0.03618421052631579 0.13075657894736842
3 0.6924342105263158 0.6694078947368421 0.033717105263157895 0.125
2 0.46875 0.43914473684210525 0.04029605263157895 0.10279605263157894
1 0.5962171052631579 0.44243421052631576 0.046052631578947366 0.11513157894736842