1 0.4819078947368421 0.5756578947368421 0.046052631578947366 0.1299342105263158
4 0.7582236842105263 0.5616776315789473 0.15871710526315788 0.17434210526315788
4 0.5707236842105263 0.3495065789473684 0.0805921052631579 0.09868421052631579
4 0.49917763157894735 0.37088815789473684 0.055098684210526314 0.07483552631578948
3 0.36101973684210525 0.9358552631578947 0.061677631578947366 0.12664473684210525
3 0.3569078947368421 0.8050986842105263 0.046875 0.16858552631578946
3 0.3207236842105263 0.5723684210526315 0.027138157894736843 0.1118421052631579
3 0.4449013157894737 0.944078947368421 0.07730263157894737 0.1069078947368421
3 0.44243421052631576 0.9054276315789473 0.06332236842105263 0.16282894736842105
2 0.8610197368421053 0.5756578947368421 0.06907894736842106 0.13815789473684212
2 0.819078947368421 0.49506578947368424 0.055098684210526314 0.11430921052631579
2 0.7047697368421053 0.4564144736842105 0.05098684210526316 0.09210526315789473
2 0.6620065789473685 0.4161184210526316 0.049342105263157895 0.09210526315789473
2 0.5567434210526315 0.4786184210526316 0.04111842105263158 0.11924342105263158