1 0.553453947368421 0.7401315789473685 0.061677631578947366 0.17269736842105263
4 0.7927631578947368 0.46875 0.12582236842105263 0.1299342105263158
4 0.8231907894736842 0.8231907894736842 0.23766447368421054 0.33881578947368424
4 0.6052631578947368 0.3972039473684211 0.08388157894736842 0.0962171052631579
4 0.6595394736842105 0.37088815789473684 0.08141447368421052 0.08388157894736842
4 0.9144736842105263 0.727796052631579 0.16776315789473684 0.2598684210526316
4 0.5707236842105263 0.30756578947368424 0.055098684210526314 0.06743421052631579
4 0.4629934210526316 0.28042763157894735 0.03700657894736842 0.05263157894736842
4 0.5024671052631579 0.31167763157894735 0.04276315789473684 0.06578947368421052
4 0.45805921052631576 0.48519736842105265 0.08305921052631579 0.12335526315789473
3 0.3412828947368421 0.5419407894736842 0.02631578947368421 0.09292763157894737
2 0.49917763157894735 0.4087171052631579 0.03700657894736842 0.0962171052631579
2 0.5213815789473685 0.37911184210526316 0.03125 0.08552631578947369