0 0.45230263157894735 0.48519736842105265 0.03453947368421053 0.1118421052631579
4 0.5912828947368421 0.4917763157894737 0.1356907894736842 0.18174342105263158
4 0.6776315789473685 0.4449013157894737 0.10855263157894737 0.1299342105263158
4 0.5550986842105263 0.3626644736842105 0.07072368421052631 0.0912828947368421
4 0.7269736842105263 0.4161184210526316 0.09703947368421052 0.10032894736842106
2 0.8412828947368421 0.6488486842105263 0.07401315789473684 0.15542763157894737
4 0.4498355263157895 0.3059210526315789 0.046875 0.07730263157894737
4 0.5254934210526315 0.3125 0.060032894736842105 0.0805921052631579
4 0.9827302631578947 0.8199013157894737 0.03289473684210526 0.19078947368421054
2 0.6258223684210527 0.3626644736842105 0.03618421052631579 0.08634868421052631
4 0.4276315789473684 0.25411184210526316 0.033717105263157895 0.05592105263157895