1 0.6916118421052632 0.9054276315789473 0.07154605263157894 0.1875
1 0.4300986842105263 0.5452302631578947 0.046052631578947366 0.13075657894736842
4 0.5731907894736842 0.46957236842105265 0.11101973684210527 0.15213815789473684
4 0.8955592105263158 0.6398026315789473 0.20148026315789475 0.2680921052631579
4 0.6266447368421053 0.41118421052631576 0.09868421052631579 0.11513157894736842
4 0.5526315789473685 0.33963815789473684 0.054276315789473686 0.07319078947368421
4 0.4629934210526316 0.390625 0.061677631578947366 0.08141447368421052
4 0.6957236842105263 0.37664473684210525 0.11924342105263158 0.12417763157894737
2 0.7286184210526315 0.5016447368421053 0.04851973684210526 0.11348684210526316
4 0.9078947368421053 0.5641447368421053 0.17351973684210525 0.1669407894736842
3 0.39226973684210525 0.9366776315789473 0.060032894736842105 0.10855263157894737