1 0.5485197368421053 0.4901315789473684 0.028782894736842105 0.10855263157894737
4 0.20723684210526316 0.5657894736842105 0.16200657894736842 0.16529605263157895
4 0.4506578947368421 0.4185855263157895 0.09375 0.125
4 0.12335526315789473 0.5213815789473685 0.15953947368421054 0.16447368421052633
4 0.3667763157894737 0.35526315789473684 0.08388157894736842 0.09539473684210527
4 0.5189144736842105 0.2935855263157895 0.039473684210526314 0.06661184210526316
2 0.2236842105263158 0.7088815789473685 0.07072368421052631 0.1768092105263158
4 0.25411184210526316 0.3363486842105263 0.15296052631578946 0.1356907894736842
2 0.3157894736842105 0.7368421052631579 0.0625 0.15542763157894737
4 0.4300986842105263 0.3199013157894737 0.049342105263157895 0.06907894736842106
3 0.6422697368421053 0.5921052631578947 0.03125 0.12911184210526316