1 0.49835526315789475 0.6217105263157895 0.04851973684210526 0.14309210526315788
4 0.49835526315789475 0.3404605263157895 0.05263157894736842 0.08717105263157894
4 0.8108552631578947 0.5830592105263158 0.15707236842105263 0.171875
4 0.7129934210526315 0.3881578947368421 0.09950657894736842 0.11759868421052631
4 0.9136513157894737 0.9013157894736842 0.16940789473684212 0.18585526315789475
4 0.9679276315789473 0.5970394736842105 0.0625 0.17269736842105263
2 0.6620065789473685 0.42680921052631576 0.04111842105263158 0.10197368421052631
2 0.5723684210526315 0.37088815789473684 0.027960526315789474 0.10032894736842106
4 0.4777960526315789 0.28042763157894735 0.03700657894736842 0.05838815789473684
4 0.42105263157894735 0.34786184210526316 0.039473684210526314 0.06825657894736842
2 0.8322368421052632 0.7113486842105263 0.07483552631578948 0.1611842105263158
4 0.4457236842105263 0.24671052631578946 0.03125 0.05674342105263158
3 0.34457236842105265 0.6233552631578947 0.03536184210526316 0.11266447368421052