1 0.4498355263157895 0.4720394736842105 0.04111842105263158 0.1069078947368421
4 0.6126644736842105 0.5213815789473685 0.12664473684210525 0.1768092105263158
4 0.78125 0.5452302631578947 0.17023026315789475 0.20230263157894737
4 0.694078947368421 0.3824013157894737 0.11595394736842106 0.12171052631578948
4 0.953125 0.6217105263157895 0.09210526315789473 0.15707236842105263
4 0.5493421052631579 0.29605263157894735 0.049342105263157895 0.06085526315789474
3 0.3059210526315789 0.5411184210526315 0.022203947368421052 0.09210526315789473
2 0.5550986842105263 0.37582236842105265 0.03289473684210526 0.07894736842105263
2 0.5945723684210527 0.42269736842105265 0.03618421052631579 0.08717105263157894
2 0.6422697368421053 0.4120065789473684 0.04111842105263158 0.0912828947368421
3 0.3305921052631579 0.4473684210526316 0.028782894736842105 0.08634868421052631