1 0.4300986842105263 0.47039473684210525 0.03700657894736842 0.10444078947368421
4 0.6225328947368421 0.5296052631578947 0.1299342105263158 0.15213815789473684
4 0.6241776315789473 0.41036184210526316 0.08963815789473684 0.09786184210526316
4 0.4276315789473684 0.4004934210526316 0.05674342105263158 0.09868421052631579
4 0.8453947368421053 0.6143092105263158 0.18421052631578946 0.19983552631578946
4 0.5509868421052632 0.34292763157894735 0.055098684210526314 0.078125
4 0.7911184210526315 0.4498355263157895 0.13075657894736842 0.12911184210526316
4 0.5082236842105263 0.3807565789473684 0.05921052631578947 0.08881578947368421
4 0.45394736842105265 0.3182565789473684 0.04523026315789474 0.06578947368421052
4 0.6085526315789473 0.3363486842105263 0.060032894736842105 0.07319078947368421
4 0.4309210526315789 0.2754934210526316 0.03618421052631579 0.06085526315789474
2 0.6817434210526315 0.5032894736842105 0.046875 0.12088815789473684