1 0.4753289473684211 0.6282894736842105 0.05345394736842105 0.15378289473684212
4 0.3667763157894737 0.40707236842105265 0.09950657894736842 0.11842105263157894
4 0.13898026315789475 0.8075657894736842 0.22450657894736842 0.3536184210526316
4 0.4868421052631579 0.31085526315789475 0.05263157894736842 0.06907894736842106
4 0.23684210526315788 0.5822368421052632 0.15378289473684212 0.1513157894736842
4 0.32730263157894735 0.3651315789473684 0.08223684210526316 0.08552631578947369
2 0.08634868421052631 0.5912828947368421 0.060032894736842105 0.125
4 0.5386513157894737 0.3223684210526316 0.046875 0.06661184210526316
2 0.34868421052631576 0.743421052631579 0.05921052631578947 0.17105263157894737
3 0.6768092105263158 0.4909539473684211 0.024671052631578948 0.10032894736842106
2 0.3988486842105263 0.5032894736842105 0.04523026315789474 0.11348684210526316
2 0.43338815789473684 0.44819078947368424 0.04194078947368421 0.10444078947368421
2 0.4712171052631579 0.3972039473684211 0.032072368421052634 0.08305921052631579
2 0.21710526315789475 0.43585526315789475 0.05674342105263158 0.10115131578947369