1 0.46381578947368424 0.5296052631578947 0.046875 0.11595394736842106
4 0.6620065789473685 0.6101973684210527 0.15625 0.19407894736842105
4 0.7335526315789473 0.4243421052631579 0.12171052631578948 0.13651315789473684
4 0.5542763157894737 0.29194078947368424 0.10361842105263158 0.10608552631578948
2 0.9268092105263158 0.7993421052631579 0.07483552631578948 0.20394736842105263
4 0.4662828947368421 0.34539473684210525 0.05674342105263158 0.06907894736842106
3 0.3503289473684211 0.6883223684210527 0.03700657894736842 0.13486842105263158
3 0.4605263157894737 0.524671052631579 0.029605263157894735 0.10855263157894737
3 0.3404605263157895 0.4399671052631579 0.019736842105263157 0.07401315789473684
2 0.5567434210526315 0.37993421052631576 0.032072368421052634 0.08881578947368421
2 0.4399671052631579 0.3667763157894737 0.03289473684210526 0.07401315789473684