0 0.4309210526315789 0.4975328947368421 0.03125 0.1069078947368421
4 0.7672697368421053 0.6455592105263158 0.17598684210526316 0.2080592105263158
4 0.5074013157894737 0.509046052631579 0.09786184210526316 0.13240131578947367
4 0.75 0.4276315789473684 0.11677631578947369 0.12582236842105263
4 0.4342105263157895 0.37006578947368424 0.055098684210526314 0.08388157894736842
4 0.5756578947368421 0.3511513157894737 0.06743421052631579 0.09539473684210527
4 0.5230263157894737 0.38651315789473684 0.07401315789473684 0.10773026315789473
2 0.678453947368421 0.4440789473684211 0.03618421052631579 0.0962171052631579
4 0.5049342105263158 0.31332236842105265 0.05345394736842105 0.08470394736842106
3 0.3684210526315789 0.7886513157894737 0.047697368421052634 0.13157894736842105
2 0.6208881578947368 0.5386513157894737 0.04851973684210526 0.12006578947368421