1 0.328125 0.9276315789473685 0.09292763157894737 0.14309210526315788
4 0.2582236842105263 0.5189144736842105 0.15789473684210525 0.16529605263157895
4 0.40460526315789475 0.3199013157894737 0.06578947368421052 0.09292763157894737
4 0.0962171052631579 0.8782894736842105 0.18996710526315788 0.234375
4 0.5123355263157895 0.36348684210526316 0.0649671052631579 0.09046052631578948
4 0.5370065789473685 0.27631578947368424 0.03453947368421053 0.05345394736842105
4 0.4350328947368421 0.359375 0.07483552631578948 0.09786184210526316
4 0.4967105263157895 0.28618421052631576 0.04111842105263158 0.0756578947368421
2 0.32894736842105265 0.6907894736842105 0.06578947368421052 0.17105263157894737
4 0.48848684210526316 0.3157894736842105 0.04276315789473684 0.06743421052631579
2 0.28618421052631576 0.8141447368421053 0.06825657894736842 0.17763157894736842