1 0.45394736842105265 0.5049342105263158 0.03289473684210526 0.11430921052631579
4 0.640625 0.43256578947368424 0.11759868421052631 0.13240131578947367
4 0.7319078947368421 0.41036184210526316 0.11430921052631579 0.11842105263157894
4 0.9210526315789473 0.5575657894736842 0.15625 0.21957236842105263
4 0.6694078947368421 0.602796052631579 0.18338815789473684 0.25082236842105265
4 0.5115131578947368 0.3972039473684211 0.06907894736842106 0.0912828947368421
4 0.42105263157894735 0.375 0.05180921052631579 0.07730263157894737
4 0.524671052631579 0.3190789473684211 0.05180921052631579 0.07976973684210527
4 0.4555921052631579 0.31085526315789475 0.04358552631578947 0.06907894736842106
4 0.3996710526315789 0.31167763157894735 0.04111842105263158 0.05674342105263158
4 0.602796052631579 0.33305921052631576 0.06578947368421052 0.07236842105263158
2 0.9703947368421053 0.7286184210526315 0.05838815789473684 0.15953947368421054