0 0.5254934210526315 0.8626644736842105 0.05756578947368421 0.18914473684210525
4 0.569078947368421 0.34868421052631576 0.08141447368421052 0.10444078947368421
4 0.7845394736842105 0.5205592105263158 0.16940789473684212 0.21628289473684212
4 0.6636513157894737 0.5633223684210527 0.18009868421052633 0.2557565789473684
4 0.4917763157894737 0.3996710526315789 0.078125 0.09786184210526316
4 0.6077302631578947 0.3215460526315789 0.06825657894736842 0.078125
4 0.5049342105263158 0.3059210526315789 0.049342105263157895 0.07319078947368421
4 0.9259868421052632 0.8445723684210527 0.14638157894736842 0.26151315789473684
4 0.8560855263157895 0.37582236842105265 0.26726973684210525 0.234375
3 0.3980263157894737 0.899671052631579 0.049342105263157895 0.14884868421052633
2 0.4662828947368421 0.31414473684210525 0.027960526315789474 0.061677631578947366