1 0.4309210526315789 0.8125 0.061677631578947366 0.20394736842105263
4 0.12417763157894737 0.6554276315789473 0.18996710526315788 0.20641447368421054
4 0.4342105263157895 0.34210526315789475 0.06085526315789474 0.07976973684210527
4 0.3651315789473684 0.4128289473684211 0.09457236842105263 0.11266447368421052
4 0.21134868421052633 0.34539473684210525 0.21792763157894737 0.1768092105263158
4 0.2689144736842105 0.41036184210526316 0.10526315789473684 0.10773026315789473
4 0.12911184210526316 0.8396381578947368 0.2574013157894737 0.3034539473684211
4 0.5493421052631579 0.30756578947368424 0.04029605263157895 0.07483552631578948
4 0.5 0.30180921052631576 0.03782894736842105 0.061677631578947366
4 0.4300986842105263 0.3248355263157895 0.06085526315789474 0.09046052631578948
2 0.13651315789473684 0.5328947368421053 0.054276315789473686 0.10115131578947369
2 0.4251644736842105 0.42105263157894735 0.03700657894736842 0.09868421052631579