1 0.5797697368421053 0.8305921052631579 0.07483552631578948 0.20559210526315788
4 0.8610197368421053 0.5057565789473685 0.15625 0.17269736842105263
4 0.4473684210526316 0.42105263157894735 0.06578947368421052 0.0962171052631579
4 0.5230263157894737 0.31167763157894735 0.055098684210526314 0.08305921052631579
4 0.6019736842105263 0.39144736842105265 0.0912828947368421 0.10444078947368421
4 0.5082236842105263 0.3824013157894737 0.0756578947368421 0.10773026315789473
2 0.805921052631579 0.7294407894736842 0.06661184210526316 0.17763157894736842
2 0.6751644736842105 0.5583881578947368 0.05098684210526316 0.13651315789473684
4 0.7319078947368421 0.3305921052631579 0.19161184210526316 0.1513157894736842
4 0.9572368421052632 0.756578947368421 0.08141447368421052 0.22779605263157895
4 0.4555921052631579 0.3199013157894737 0.04358552631578947 0.07401315789473684
3 0.32730263157894735 0.5106907894736842 0.02549342105263158 0.08963815789473684
2 0.65625 0.36430921052631576 0.04276315789473684 0.08141447368421052