0 0.5460526315789473 0.5600328947368421 0.04029605263157895 0.12417763157894737
4 0.4284539473684211 0.4465460526315789 0.11924342105263158 0.16447368421052633
4 0.09868421052631579 0.5320723684210527 0.18421052631578946 0.15871710526315788
4 0.3684210526315789 0.4004934210526316 0.08881578947368421 0.10855263157894737
4 0.46381578947368424 0.34539473684210525 0.05921052631578947 0.0962171052631579
4 0.5452302631578947 0.40131578947368424 0.0649671052631579 0.10444078947368421
4 0.42269736842105265 0.6356907894736842 0.13733552631578946 0.2080592105263158
4 0.5419407894736842 0.3157894736842105 0.046052631578947366 0.08881578947368421
4 0.35773026315789475 0.37911184210526316 0.09950657894736842 0.11430921052631579
4 0.3462171052631579 0.3569078947368421 0.09703947368421052 0.09292763157894737
3 0.6044407894736842 0.8963815789473685 0.060032894736842105 0.16282894736842105
2 0.16776315789473684 0.859375 0.09210526315789473 0.19654605263157895
2 0.08305921052631579 0.6751644736842105 0.07648026315789473 0.15378289473684212