1 0.515625 0.7368421052631579 0.06907894736842106 0.19490131578947367
4 0.7335526315789473 0.5008223684210527 0.15049342105263158 0.16858552631578946
4 0.5731907894736842 0.3717105263157895 0.07648026315789473 0.09457236842105263
4 0.4925986842105263 0.37006578947368424 0.0756578947368421 0.10032894736842106
4 0.7475328947368421 0.6998355263157895 0.20723684210526316 0.24835526315789475
4 0.571546052631579 0.3059210526315789 0.06414473684210527 0.08388157894736842
4 0.5123355263157895 0.3215460526315789 0.04523026315789474 0.078125
2 0.6077302631578947 0.4810855263157895 0.039473684210526314 0.10197368421052631
4 0.678453947368421 0.37993421052631576 0.09539473684210527 0.09046052631578948
2 0.631578947368421 0.7475328947368421 0.06332236842105263 0.18174342105263158
4 0.4597039473684211 0.2779605263157895 0.03700657894736842 0.06990131578947369
4 0.9572368421052632 0.571546052631579 0.08223684210526316 0.19490131578947367