1 0.4564144736842105 0.6348684210526315 0.05263157894736842 0.1513157894736842
4 0.5057565789473685 0.5345394736842105 0.11101973684210527 0.14144736842105263
4 0.5921052631578947 0.4029605263157895 0.08881578947368421 0.10444078947368421
4 0.9111842105263158 0.8544407894736842 0.17351973684210525 0.2713815789473684
4 0.7861842105263158 0.44901315789473684 0.12171052631578948 0.13240131578947367
4 0.7606907894736842 0.546875 0.1513157894736842 0.1669407894736842
4 0.46875 0.25164473684210525 0.04358552631578947 0.08388157894736842
4 0.4605263157894737 0.3347039473684211 0.055098684210526314 0.07483552631578948
4 0.625 0.3371710526315789 0.078125 0.0756578947368421
2 0.7072368421052632 0.694078947368421 0.05838815789473684 0.17105263157894737
4 0.43914473684210525 0.3963815789473684 0.061677631578947366 0.08963815789473684
2 0.7680921052631579 0.850328947368421 0.08223684210526316 0.22615131578947367
4 0.453125 0.3199013157894737 0.05263157894736842 0.07976973684210527
4 0.5041118421052632 0.3026315789473684 0.044407894736842105 0.06743421052631579
2 0.6529605263157895 0.5296052631578947 0.04276315789473684 0.11924342105263158
4 0.5345394736842105 0.3412828947368421 0.04523026315789474 0.08470394736842106
4 0.9572368421052632 0.6167763157894737 0.08223684210526316 0.14720394736842105
3 0.3256578947368421 0.5197368421052632 0.02549342105263158 0.09703947368421052