1 0.4004934210526316 0.4967105263157895 0.03125 0.11595394736842106
1 0.5953947368421053 0.7080592105263158 0.05921052631578947 0.15789473684210525
4 0.7319078947368421 0.5074013157894737 0.14226973684210525 0.14638157894736842
4 0.5550986842105263 0.4300986842105263 0.08799342105263158 0.109375
4 0.48273026315789475 0.4777960526315789 0.08388157894736842 0.11759868421052631
4 0.7417763157894737 0.4161184210526316 0.11924342105263158 0.10855263157894737
4 0.5575657894736842 0.3569078947368421 0.06414473684210527 0.08305921052631579
4 0.6019736842105263 0.32401315789473684 0.07072368421052631 0.07483552631578948
4 0.49506578947368424 0.3001644736842105 0.047697368421052634 0.07730263157894737
4 0.4350328947368421 0.2886513157894737 0.03618421052631579 0.06743421052631579
2 0.8758223684210527 0.7680921052631579 0.09292763157894737 0.19161184210526316
2 0.8980263157894737 0.696546052631579 0.07976973684210527 0.1669407894736842
2 0.9194078947368421 0.6200657894736842 0.06661184210526316 0.14720394736842105
2 0.6677631578947368 0.42351973684210525 0.04276315789473684 0.08717105263157894