0 0.4712171052631579 0.6365131578947368 0.04523026315789474 0.15953947368421054
4 0.6587171052631579 0.4309210526315789 0.13322368421052633 0.14802631578947367
4 0.5074013157894737 0.3157894736842105 0.055098684210526314 0.07236842105263158
4 0.5970394736842105 0.33963815789473684 0.06578947368421052 0.08552631578947369
4 0.7828947368421053 0.34375 0.21463815789473684 0.171875
2 0.5542763157894737 0.42105263157894735 0.03042763157894737 0.08963815789473684
3 0.37335526315789475 0.6554276315789473 0.05098684210526316 0.1299342105263158
2 0.9416118421052632 0.5756578947368421 0.06414473684210527 0.13815789473684212
3 0.328125 0.6710526315789473 0.04029605263157895 0.13486842105263158
3 0.32730263157894735 0.6282894736842105 0.04276315789473684 0.13980263157894737
2 0.5822368421052632 0.3684210526315789 0.03042763157894737 0.06578947368421052