1 0.43667763157894735 0.8601973684210527 0.054276315789473686 0.17845394736842105
4 0.2598684210526316 0.46710526315789475 0.14391447368421054 0.171875
2 0.21875 0.8758223684210527 0.0805921052631579 0.22121710526315788
2 0.15049342105263158 0.7508223684210527 0.07483552631578948 0.18338815789473684
4 0.421875 0.3157894736842105 0.060032894736842105 0.07730263157894737
2 0.3782894736842105 0.5337171052631579 0.04851973684210526 0.11924342105263158
4 0.5287828947368421 0.3363486842105263 0.04851973684210526 0.06743421052631579
2 0.2574013157894737 0.6077302631578947 0.055098684210526314 0.15378289473684212
4 0.4917763157894737 0.31085526315789475 0.04523026315789474 0.05345394736842105
1 0.5756578947368421 0.4375 0.03125 0.09046052631578948
2 0.3404605263157895 0.49917763157894735 0.033717105263157895 0.12088815789473684