0 0.5106907894736842 0.6529605263157895 0.05098684210526316 0.16611842105263158
4 0.8782894736842105 0.5296052631578947 0.14391447368421054 0.15378289473684212
4 0.7360197368421053 0.678453947368421 0.22532894736842105 0.30098684210526316
4 0.5863486842105263 0.3873355263157895 0.08552631578947369 0.09868421052631579
4 0.7705592105263158 0.5501644736842105 0.14802631578947367 0.16036184210526316
4 0.4654605263157895 0.3305921052631579 0.05098684210526316 0.07401315789473684
2 0.7154605263157895 0.4161184210526316 0.047697368421052634 0.10608552631578948
4 0.4292763157894737 0.27960526315789475 0.03289473684210526 0.06085526315789474
4 0.5731907894736842 0.30756578947368424 0.04523026315789474 0.07154605263157894
4 0.5394736842105263 0.3256578947368421 0.05263157894736842 0.08388157894736842
4 0.4942434210526316 0.29276315789473684 0.04111842105263158 0.06085526315789474