1 0.5797697368421053 0.7574013157894737 0.05098684210526316 0.17434210526315788
0 0.4465460526315789 0.5123355263157895 0.02631578947368421 0.12335526315789473
4 0.5830592105263158 0.48355263157894735 0.1225328947368421 0.15460526315789475
4 0.5699013157894737 0.3536184210526316 0.06907894736842106 0.09046052631578948
4 0.7236842105263158 0.4868421052631579 0.15707236842105263 0.15789473684210525
2 0.9037828947368421 0.6175986842105263 0.0625 0.13404605263157895
4 0.42680921052631576 0.26069078947368424 0.04851973684210526 0.08963815789473684
4 0.9506578947368421 0.7861842105263158 0.09375 0.2294407894736842
4 0.4597039473684211 0.31414473684210525 0.044407894736842105 0.08305921052631579
4 0.4917763157894737 0.36348684210526316 0.060032894736842105 0.08634868421052631
2 0.8988486842105263 0.897203947368421 0.11513157894736842 0.18092105263157895
4 0.506578947368421 0.30180921052631576 0.04851973684210526 0.06990131578947369
4 0.4629934210526316 0.2845394736842105 0.038651315789473686 0.07483552631578948