1 0.5542763157894737 0.4901315789473684 0.03289473684210526 0.10773026315789473
1 0.5822368421052632 0.44161184210526316 0.03042763157894737 0.08717105263157894
0 0.5567434210526315 0.6587171052631579 0.04111842105263158 0.13240131578947367
4 0.4555921052631579 0.6578947368421053 0.15625 0.22039473684210525
4 0.1825657894736842 0.47286184210526316 0.14638157894736842 0.13157894736842105
4 0.08799342105263158 0.8774671052631579 0.17516447368421054 0.2294407894736842
4 0.16940789473684212 0.609375 0.15789473684210525 0.1825657894736842
4 0.3774671052631579 0.34210526315789475 0.07483552631578948 0.09292763157894737
4 0.4621710526315789 0.38569078947368424 0.17105263157894737 0.21792763157894737
4 0.5879934210526315 0.3042763157894737 0.04029605263157895 0.06825657894736842
2 0.30838815789473684 0.45476973684210525 0.04276315789473684 0.109375
3 0.6620065789473685 0.484375 0.023026315789473683 0.10608552631578948