1 0.4745065789473684 0.553453947368421 0.03453947368421053 0.11019736842105263
4 0.8453947368421053 0.8141447368421053 0.26973684210526316 0.3659539473684211
4 0.4342105263157895 0.40460526315789475 0.061677631578947366 0.08963815789473684
4 0.7014802631578947 0.47368421052631576 0.13486842105263158 0.15871710526315788
4 0.5485197368421053 0.4465460526315789 0.08799342105263158 0.11019736842105263
4 0.46463815789473684 0.3256578947368421 0.05180921052631579 0.0756578947368421
4 0.5394736842105263 0.3355263157894737 0.0649671052631579 0.0805921052631579
4 0.7960526315789473 0.4564144736842105 0.13157894736842105 0.14309210526315788
4 0.6307565789473685 0.3503289473684211 0.07154605263157894 0.07401315789473684
4 0.41036184210526316 0.31414473684210525 0.04029605263157895 0.061677631578947366
4 0.9720394736842105 0.6151315789473685 0.05263157894736842 0.16282894736842105
3 0.31743421052631576 0.4819078947368421 0.02549342105263158 0.09539473684210527
2 0.6669407894736842 0.5460526315789473 0.05345394736842105 0.12417763157894737