1 0.45148026315789475 0.8001644736842105 0.07154605263157894 0.19325657894736842
0 0.5197368421052632 0.6200657894736842 0.04276315789473684 0.1611842105263158
4 0.25411184210526316 0.5205592105263158 0.16858552631578946 0.203125
4 0.3815789473684211 0.3462171052631579 0.07319078947368421 0.07894736842105263
2 0.30180921052631576 0.6217105263157895 0.05016447368421053 0.1513157894736842
4 0.4942434210526316 0.3092105263157895 0.04276315789473684 0.061677631578947366
2 0.13980263157894737 0.5501644736842105 0.05921052631578947 0.12171052631578948
4 0.5444078947368421 0.31661184210526316 0.04523026315789474 0.07894736842105263
4 0.5723684210526315 0.2779605263157895 0.03453947368421053 0.05592105263157895
2 0.08881578947368421 0.852796052631579 0.09292763157894737 0.19983552631578946
2 0.42269736842105265 0.45476973684210525 0.04276315789473684 0.10608552631578948
2 0.4588815789473684 0.40542763157894735 0.03453947368421053 0.0962171052631579
2 0.38651315789473684 0.43338815789473684 0.03782894736842105 0.0912828947368421
2 0.33963815789473684 0.4185855263157895 0.033717105263157895 0.07483552631578948