1 0.3404605263157895 0.9572368421052632 0.07730263157894737 0.08388157894736842
4 0.5189144736842105 0.37088815789473684 0.05838815789473684 0.0805921052631579
4 0.28042763157894735 0.6751644736842105 0.19736842105263158 0.2837171052631579
4 0.3371710526315789 0.4605263157894737 0.1356907894736842 0.14638157894736842
4 0.30098684210526316 0.3930921052631579 0.09703947368421052 0.0912828947368421
4 0.48026315789473684 0.3190789473684211 0.04851973684210526 0.07319078947368421
2 0.4449013157894737 0.4629934210526316 0.03125 0.11266447368421052
2 0.03536184210526316 0.6817434210526315 0.06907894736842106 0.1768092105263158
2 0.3651315789473684 0.7763157894736842 0.05921052631578947 0.18174342105263158
2 0.14473684210526316 0.5501644736842105 0.05838815789473684 0.11430921052631579
4 0.5172697368421053 0.2902960526315789 0.038651315789473686 0.06332236842105263
4 0.5657894736842105 0.2886513157894737 0.038651315789473686 0.06332236842105263
2 0.4440789473684211 0.3651315789473684 0.027138157894736843 0.07976973684210527
3 0.03618421052631579 0.6751644736842105 0.07072368421052631 0.17434210526315788