1 0.5361842105263158 0.5328947368421053 0.039473684210526314 0.12582236842105263
4 0.26973684210526316 0.5041118421052632 0.14144736842105263 0.17434210526315788
4 0.21875 0.8231907894736842 0.21957236842105263 0.3248355263157895
4 0.18421052631578946 0.4777960526315789 0.13322368421052633 0.14144736842105263
4 0.5296052631578947 0.34292763157894735 0.05674342105263158 0.08388157894736842
4 0.4662828947368421 0.33305921052631576 0.06661184210526316 0.08388157894736842
4 0.3470394736842105 0.359375 0.09703947368421052 0.09210526315789473
4 0.4292763157894737 0.3092105263157895 0.05345394736842105 0.05838815789473684
3 0.6751644736842105 0.6858552631578947 0.03700657894736842 0.12006578947368421
3 0.6924342105263158 0.4901315789473684 0.023848684210526317 0.10608552631578948
3 0.6118421052631579 0.7944078947368421 0.046875 0.16611842105263158