1 0.59375 0.43585526315789475 0.03125 0.10608552631578948
4 0.2902960526315789 0.4761513157894737 0.14226973684210525 0.15542763157894737
4 0.4465460526315789 0.3462171052631579 0.07072368421052631 0.0962171052631579
4 0.37006578947368424 0.34539473684210525 0.08881578947368421 0.0912828947368421
4 0.16447368421052633 0.4810855263157895 0.13898026315789475 0.15871710526315788
2 0.22779605263157895 0.8700657894736842 0.08717105263157894 0.23766447368421054
4 0.38569078947368424 0.5164473684210527 0.12828947368421054 0.16529605263157895
4 0.3149671052631579 0.3026315789473684 0.1669407894736842 0.14638157894736842
2 0.12746710526315788 0.6776315789473685 0.08799342105263158 0.17845394736842105
2 0.029605263157894735 0.6981907894736842 0.05345394736842105 0.14884868421052633
2 0.16940789473684212 0.7023026315789473 0.06907894736842106 0.16940789473684212