1 0.44243421052631576 0.5657894736842105 0.03536184210526316 0.10855263157894737
4 0.8018092105263158 0.774671052631579 0.21710526315789475 0.3125
4 0.6447368421052632 0.5435855263157895 0.125 0.15542763157894737
4 0.8379934210526315 0.6143092105263158 0.19161184210526316 0.18585526315789475
4 0.7952302631578947 0.47286184210526316 0.13733552631578946 0.12582236842105263
4 0.5074013157894737 0.46463815789473684 0.09210526315789473 0.1356907894736842
4 0.6702302631578947 0.4440789473684211 0.10279605263157894 0.12664473684210525
4 0.48601973684210525 0.2886513157894737 0.04358552631578947 0.06332236842105263
4 0.5115131578947368 0.3988486842105263 0.08141447368421052 0.1118421052631579
4 0.6603618421052632 0.3651315789473684 0.08717105263157894 0.08963815789473684
4 0.5485197368421053 0.32730263157894735 0.06743421052631579 0.09292763157894737
4 0.4185855263157895 0.34868421052631576 0.05016447368421053 0.08881578947368421
4 0.43256578947368424 0.28207236842105265 0.033717105263157895 0.06085526315789474
4 0.4564144736842105 0.3215460526315789 0.04276315789473684 0.06825657894736842
3 0.3347039473684211 0.4342105263157895 0.02549342105263158 0.09292763157894737