1 0.48273026315789475 0.59375 0.028782894736842105 0.12828947368421054
1 0.5567434210526315 0.8569078947368421 0.06743421052631579 0.20641447368421054
4 0.9235197368421053 0.7319078947368421 0.15213815789473684 0.2565789473684211
4 0.5641447368421053 0.37006578947368424 0.0805921052631579 0.08634868421052631
2 0.7664473684210527 0.4720394736842105 0.04358552631578947 0.10444078947368421
4 0.4629934210526316 0.3042763157894737 0.04358552631578947 0.06990131578947369
4 0.6398026315789473 0.2837171052631579 0.12746710526315788 0.10197368421052631
4 0.6266447368421053 0.33881578947368424 0.0912828947368421 0.09210526315789473
4 0.5493421052631579 0.30180921052631576 0.060032894736842105 0.0625
2 0.7023026315789473 0.47286184210526316 0.03782894736842105 0.10032894736842106
4 0.42598684210526316 0.33223684210526316 0.04194078947368421 0.06661184210526316
3 0.34375 0.725328947368421 0.047697368421052634 0.15789473684210525