1 0.45230263157894735 0.5 0.03536184210526316 0.10773026315789473
4 0.6422697368421053 0.4342105263157895 0.10444078947368421 0.11513157894736842
4 0.7105263157894737 0.39555921052631576 0.11842105263157894 0.13075657894736842
4 0.9120065789473685 0.5493421052631579 0.17516447368421054 0.21134868421052633
4 0.8725328947368421 0.834703947368421 0.23026315789473684 0.3190789473684211
4 0.5320723684210527 0.3314144736842105 0.06414473684210527 0.08470394736842106
2 0.6620065789473685 0.5213815789473685 0.046052631578947366 0.11842105263157894
2 0.6044407894736842 0.6554276315789473 0.060032894736842105 0.18092105263157895
2 0.8067434210526315 0.5476973684210527 0.054276315789473686 0.12828947368421054
3 0.4309210526315789 0.9325657894736842 0.08388157894736842 0.13404605263157895
3 0.3182565789473684 0.46792763157894735 0.019736842105263157 0.09046052631578948
3 0.3495065789473684 0.5986842105263158 0.033717105263157895 0.10444078947368421
3 0.3149671052631579 0.5904605263157895 0.029605263157894735 0.10279605263157894
2 0.5427631578947368 0.43338815789473684 0.038651315789473686 0.10032894736842106
2 0.8453947368421053 0.6513157894736842 0.0625 0.12088815789473684