1 0.524671052631579 0.569078947368421 0.03700657894736842 0.13733552631578946
4 0.43914473684210525 0.34292763157894735 0.06743421052631579 0.08634868421052631
4 0.22039473684210525 0.4555921052631579 0.125 0.13157894736842105
4 0.04029605263157895 0.5986842105263158 0.078125 0.18832236842105263
2 0.28536184210526316 0.540296052631579 0.04851973684210526 0.12417763157894737
2 0.17023026315789475 0.5674342105263158 0.060032894736842105 0.140625
4 0.4876644736842105 0.31167763157894735 0.05180921052631579 0.07236842105263158
2 0.4120065789473684 0.4300986842105263 0.038651315789473686 0.10115131578947369
4 0.4629934210526316 0.2870065789473684 0.04851973684210526 0.06085526315789474
3 0.6546052631578947 0.6060855263157895 0.03289473684210526 0.1069078947368421
2 0.4095394736842105 0.43338815789473684 0.033717105263157895 0.10197368421052631
2 0.36348684210526316 0.41694078947368424 0.03125 0.08881578947368421
2 0.30756578947368424 0.4506578947368421 0.04851973684210526 0.08881578947368421