1 0.540296052631579 0.8601973684210527 0.060032894736842105 0.17763157894736842
1 0.42351973684210525 0.5041118421052632 0.03289473684210526 0.10773026315789473
4 0.7220394736842105 0.5032894736842105 0.14473684210526316 0.140625
4 0.7302631578947368 0.6710526315789473 0.17927631578947367 0.23848684210526316
4 0.4810855263157895 0.4284539473684211 0.07730263157894737 0.10773026315789473
4 0.5986842105263158 0.48930921052631576 0.09457236842105263 0.12828947368421054
4 0.6052631578947368 0.3963815789473684 0.08717105263157894 0.1069078947368421
4 0.9473684210526315 0.7557565789473685 0.10361842105263158 0.21546052631578946
4 0.48273026315789475 0.34786184210526316 0.05756578947368421 0.08634868421052631
4 0.5189144736842105 0.3199013157894737 0.05263157894736842 0.08305921052631579
2 0.8758223684210527 0.5444078947368421 0.060032894736842105 0.13815789473684212
4 0.6949013157894737 0.3963815789473684 0.09868421052631579 0.08881578947368421
4 0.4087171052631579 0.3305921052631579 0.04276315789473684 0.07236842105263158
4 0.6036184210526315 0.3305921052631579 0.06907894736842106 0.08141447368421052
4 0.44161184210526316 0.3059210526315789 0.04276315789473684 0.06332236842105263
3 0.32730263157894735 0.453125 0.024671052631578948 0.07976973684210527