1 0.4967105263157895 0.678453947368421 0.05592105263157895 0.15789473684210525
0 0.4309210526315789 0.4588815789473684 0.03125 0.0962171052631579
4 0.5485197368421053 0.4407894736842105 0.11348684210526316 0.1611842105263158
4 0.8914473684210527 0.6833881578947368 0.2138157894736842 0.3157894736842105
4 0.59375 0.37993421052631576 0.08799342105263158 0.1069078947368421
4 0.7475328947368421 0.4292763157894737 0.11513157894736842 0.12417763157894737
4 0.4440789473684211 0.3215460526315789 0.046052631578947366 0.07483552631578948
4 0.6488486842105263 0.3511513157894737 0.08717105263157894 0.09539473684210527
4 0.8577302631578947 0.38651315789473684 0.23026315789473684 0.19654605263157895
2 0.8569078947368421 0.805921052631579 0.07976973684210527 0.16858552631578946
4 0.5205592105263158 0.32730263157894735 0.047697368421052634 0.06414473684210527
4 0.4917763157894737 0.2845394736842105 0.04358552631578947 0.07319078947368421