1 0.4498355263157895 0.9029605263157895 0.06414473684210527 0.1924342105263158
4 0.2746710526315789 0.4975328947368421 0.1455592105263158 0.171875
4 0.3042763157894737 0.7458881578947368 0.20888157894736842 0.2787828947368421
4 0.4629934210526316 0.42680921052631576 0.08141447368421052 0.1069078947368421
4 0.12417763157894737 0.5139802631578947 0.15625 0.16447368421052633
4 0.34292763157894735 0.3536184210526316 0.08552631578947369 0.10361842105263158
4 0.42269736842105265 0.3684210526315789 0.06990131578947369 0.08963815789473684
4 0.5444078947368421 0.3536184210526316 0.05016447368421053 0.07401315789473684
4 0.5057565789473685 0.2894736842105263 0.039473684210526314 0.06332236842105263
2 0.04523026315789474 0.8766447368421053 0.08717105263157894 0.20065789473684212
2 0.3363486842105263 0.5575657894736842 0.05838815789473684 0.125