0 0.6036184210526315 0.44243421052631576 0.03453947368421053 0.10115131578947369
4 0.16200657894736842 0.49917763157894735 0.14473684210526316 0.140625
4 0.3314144736842105 0.4375 0.11595394736842106 0.12911184210526316
4 0.5370065789473685 0.3157894736842105 0.05016447368421053 0.07483552631578948
4 0.07976973684210527 0.765625 0.15542763157894737 0.2623355263157895
4 0.4564144736842105 0.33963815789473684 0.061677631578947366 0.078125
4 0.3314144736842105 0.6077302631578947 0.18009868421052633 0.24588815789473684
2 0.4457236842105263 0.631578947368421 0.05921052631578947 0.15542763157894737
2 0.32401315789473684 0.9235197368421053 0.09868421052631579 0.1299342105263158
4 0.48026315789473684 0.27055921052631576 0.047697368421052634 0.06085526315789474
4 0.5172697368421053 0.25493421052631576 0.027960526315789474 0.049342105263157895
2 0.4432565789473684 0.41776315789473684 0.032072368421052634 0.10279605263157894