1 0.5723684210526315 0.7425986842105263 0.05098684210526316 0.17269736842105263
1 0.4745065789473684 0.609375 0.060032894736842105 0.14720394736842105
4 0.4876644736842105 0.4745065789473684 0.08223684210526316 0.11266447368421052
4 0.8774671052631579 0.819078947368421 0.22861842105263158 0.3371710526315789
4 0.6217105263157895 0.3939144736842105 0.09539473684210527 0.10608552631578948
4 0.8256578947368421 0.48355263157894735 0.1455592105263158 0.15378289473684212
4 0.5320723684210527 0.31743421052631576 0.05016447368421053 0.07894736842105263
2 0.6398026315789473 0.5929276315789473 0.049342105263157895 0.140625
2 0.7450657894736842 0.5230263157894737 0.049342105263157895 0.12088815789473684
4 0.41776315789473684 0.34786184210526316 0.054276315789473686 0.06578947368421052
2 0.9169407894736842 0.6644736842105263 0.06661184210526316 0.13651315789473684
4 0.4712171052631579 0.3223684210526316 0.04851973684210526 0.0756578947368421
2 0.6101973684210527 0.47368421052631576 0.03453947368421053 0.1069078947368421
4 0.4449013157894737 0.25493421052631576 0.03453947368421053 0.05592105263157895
3 0.3248355263157895 0.7220394736842105 0.06743421052631579 0.14391447368421054
3 0.34457236842105265 0.5641447368421053 0.03618421052631579 0.12006578947368421