1 0.5082236842105263 0.6291118421052632 0.03700657894736842 0.15707236842105263
4 0.6924342105263158 0.4769736842105263 0.1225328947368421 0.14802631578947367
4 0.9268092105263158 0.765625 0.14473684210526316 0.2689144736842105
2 0.8182565789473685 0.8766447368421053 0.08799342105263158 0.21052631578947367
4 0.6694078947368421 0.3618421052631579 0.09375 0.09703947368421052
4 0.4917763157894737 0.31414473684210525 0.05263157894736842 0.078125
2 0.5945723684210527 0.37993421052631576 0.03125 0.07894736842105263
3 0.37582236842105265 0.6513157894736842 0.03453947368421053 0.12582236842105263
3 0.3404605263157895 0.5337171052631579 0.022203947368421052 0.0962171052631579
3 0.3363486842105263 0.6521381578947368 0.03125 0.12582236842105263
3 0.3182565789473684 0.6603618421052632 0.04029605263157895 0.12828947368421054