1 0.553453947368421 0.8207236842105263 0.061677631578947366 0.20476973684210525
4 0.5764802631578947 0.47286184210526316 0.11101973684210527 0.14638157894736842
4 0.5995065789473685 0.37582236842105265 0.08881578947368421 0.109375
4 0.852796052631579 0.6011513157894737 0.20065789473684212 0.23766447368421054
4 0.7648026315789473 0.4399671052631579 0.12746710526315788 0.12171052631578948
4 0.4761513157894737 0.3626644736842105 0.060032894736842105 0.08305921052631579
4 0.4868421052631579 0.3092105263157895 0.047697368421052634 0.078125
2 0.9029605263157895 0.8766447368421053 0.0962171052631579 0.20641447368421054
4 0.5583881578947368 0.3067434210526316 0.05345394736842105 0.06907894736842106
4 0.37088815789473684 0.2870065789473684 0.04029605263157895 0.06085526315789474
3 0.3527960526315789 0.8988486842105263 0.05674342105263158 0.15542763157894737
3 0.4144736842105263 0.8462171052631579 0.07483552631578948 0.18667763157894737
3 0.3157894736842105 0.5172697368421053 0.02138157894736842 0.10032894736842106
3 0.3223684210526316 0.3314144736842105 0.012335526315789474 0.0625