1 0.4876644736842105 0.7129934210526315 0.046875 0.13980263157894737
4 0.65625 0.578125 0.140625 0.18914473684210525
4 0.8314144736842105 0.6036184210526315 0.17598684210526316 0.20065789473684212
4 0.45805921052631576 0.4004934210526316 0.06907894736842106 0.1069078947368421
4 0.9366776315789473 0.5888157894736842 0.12417763157894737 0.22121710526315788
4 0.5509868421052632 0.4300986842105263 0.07401315789473684 0.10361842105263158
4 0.8914473684210527 0.8733552631578947 0.21628289473684212 0.2450657894736842
4 0.6389802631578947 0.42680921052631576 0.09950657894736842 0.10773026315789473
4 0.6208881578947368 0.3495065789473684 0.06743421052631579 0.08141447368421052
2 0.7508223684210527 0.44161184210526316 0.05180921052631579 0.11595394736842106
4 0.3972039473684211 0.31167763157894735 0.038651315789473686 0.06743421052631579
4 0.4975328947368421 0.3034539473684211 0.04276315789473684 0.0756578947368421
4 0.5600328947368421 0.3536184210526316 0.05921052631578947 0.08388157894736842
4 0.46875 0.3363486842105263 0.04851973684210526 0.07483552631578948
4 0.4621710526315789 0.3248355263157895 0.049342105263157895 0.0805921052631579
3 0.32401315789473684 0.46463815789473684 0.02549342105263158 0.10444078947368421
2 0.7697368421052632 0.42351973684210525 0.05263157894736842 0.0912828947368421