1 0.42105263157894735 0.4498355263157895 0.027960526315789474 0.0962171052631579
4 0.6439144736842105 0.6513157894736842 0.15213815789473684 0.21957236842105263
4 0.5904605263157895 0.47944078947368424 0.12171052631578948 0.14144736842105263
4 0.8305921052631579 0.578125 0.18996710526315788 0.21052631578947367
4 0.48273026315789475 0.28289473684210525 0.04029605263157895 0.0625
4 0.6570723684210527 0.3651315789473684 0.08223684210526316 0.07730263157894737
4 0.5723684210526315 0.37006578947368424 0.06907894736842106 0.08141447368421052
4 0.5304276315789473 0.2845394736842105 0.046052631578947366 0.05756578947368421
4 0.4498355263157895 0.3338815789473684 0.044407894736842105 0.061677631578947366
4 0.5098684210526315 0.3881578947368421 0.06825657894736842 0.09457236842105263
2 0.6644736842105263 0.4399671052631579 0.05674342105263158 0.10855263157894737
3 0.4350328947368421 0.865953947368421 0.05756578947368421 0.16365131578947367