1 0.4506578947368421 0.49588815789473684 0.03042763157894737 0.10197368421052631
4 0.662828947368421 0.43914473684210525 0.10444078947368421 0.11513157894736842
4 0.78125 0.6546052631578947 0.23026315789473684 0.30180921052631576
4 0.5008223684210527 0.3848684210526316 0.0649671052631579 0.07976973684210527
4 0.5731907894736842 0.31085526315789475 0.05345394736842105 0.06332236842105263
4 0.53125 0.32894736842105265 0.05592105263157895 0.06825657894736842
2 0.584703947368421 0.375 0.027138157894736843 0.07483552631578948
4 0.39555921052631576 0.2878289473684211 0.03125 0.05674342105263158
3 0.4128289473684211 0.8125 0.05674342105263158 0.15378289473684212
3 0.3314144736842105 0.609375 0.03289473684210526 0.12582236842105263
3 0.3100328947368421 0.47286184210526316 0.023848684210526317 0.10115131578947369
2 0.7047697368421053 0.40625 0.044407894736842105 0.09703947368421052
2 0.6175986842105263 0.3519736842105263 0.03700657894736842 0.07154605263157894