1 0.5912828947368421 0.9276315789473685 0.06825657894736842 0.14226973684210525
4 0.7179276315789473 0.4909539473684211 0.1299342105263158 0.1356907894736842
4 0.5789473684210527 0.4761513157894737 0.10608552631578948 0.1356907894736842
2 0.787828947368421 0.6661184210526315 0.06825657894736842 0.15542763157894737
4 0.5674342105263158 0.36348684210526316 0.05756578947368421 0.08470394736842106
4 0.7171052631578947 0.39144736842105265 0.10197368421052631 0.10279605263157894
4 0.9383223684210527 0.5805921052631579 0.12006578947368421 0.20065789473684212
4 0.9588815789473685 0.7606907894736842 0.07894736842105263 0.21217105263157895
4 0.45394736842105265 0.33305921052631576 0.04358552631578947 0.06743421052631579
4 0.5518092105263158 0.3157894736842105 0.05016447368421053 0.08552631578947369
4 0.48848684210526316 0.2911184210526316 0.04851973684210526 0.07154605263157894
4 0.5032894736842105 0.3815789473684211 0.061677631578947366 0.0805921052631579
3 0.3848684210526316 0.7212171052631579 0.046052631578947366 0.15953947368421054
3 0.36101973684210525 0.6866776315789473 0.05016447368421053 0.13733552631578946