1 0.5970394736842105 0.4901315789473684 0.027138157894736843 0.0962171052631579
1 0.4621710526315789 0.6603618421052632 0.04851973684210526 0.14884868421052633
4 0.4284539473684211 0.4621710526315789 0.1069078947368421 0.13815789473684212
4 0.5707236842105263 0.3675986842105263 0.04851973684210526 0.0756578947368421
4 0.35855263157894735 0.3527960526315789 0.08223684210526316 0.08634868421052631
4 0.5024671052631579 0.3848684210526316 0.06578947368421052 0.08305921052631579
4 0.21957236842105263 0.665296052631579 0.22861842105263158 0.31743421052631576
4 0.4662828947368421 0.32319078947368424 0.06990131578947369 0.08881578947368421
4 0.5501644736842105 0.28618421052631576 0.03782894736842105 0.06661184210526316
4 0.3667763157894737 0.8856907894736842 0.13322368421052633 0.21546052631578946
4 0.04194078947368421 0.6282894736842105 0.0805921052631579 0.16282894736842105
4 0.19901315789473684 0.5921052631578947 0.20641447368421054 0.18421052631578946
4 0.5 0.27960526315789475 0.046875 0.08881578947368421
3 0.5575657894736842 0.8766447368421053 0.05756578947368421 0.18338815789473684