1 0.5230263157894737 0.5764802631578947 0.039473684210526314 0.13404605263157895
4 0.4629934210526316 0.4136513157894737 0.08388157894736842 0.11019736842105263
4 0.20970394736842105 0.7861842105263158 0.23026315789473684 0.34457236842105265
4 0.5550986842105263 0.4136513157894737 0.06332236842105263 0.08963815789473684
4 0.3684210526315789 0.4128289473684211 0.09950657894736842 0.11266447368421052
4 0.08634868421052631 0.7368421052631579 0.16611842105263158 0.2886513157894737
4 0.28207236842105265 0.37582236842105265 0.09046052631578948 0.140625
4 0.4917763157894737 0.3092105263157895 0.04851973684210526 0.06578947368421052
4 0.3100328947368421 0.3503289473684211 0.140625 0.1669407894736842
4 0.5411184210526315 0.25164473684210525 0.04111842105263158 0.05098684210526316
4 0.43338815789473684 0.3001644736842105 0.054276315789473686 0.0625
3 0.6389802631578947 0.8445723684210527 0.05263157894736842 0.16858552631578946
3 0.6710526315789473 0.6348684210526315 0.029605263157894735 0.1069078947368421