1 0.4136513157894737 0.7401315789473685 0.06661184210526316 0.19901315789473684
4 0.4432565789473684 0.4555921052631579 0.09703947368421052 0.13240131578947367
4 0.2779605263157895 0.48848684210526316 0.14473684210526316 0.15378289473684212
4 0.13157894736842105 0.8421052631578947 0.24424342105263158 0.30180921052631576
4 0.2870065789473684 0.39555921052631576 0.11266447368421052 0.10773026315789473
4 0.5074013157894737 0.29194078947368424 0.05345394736842105 0.07976973684210527
4 0.3996710526315789 0.3305921052631579 0.06332236842105263 0.06414473684210527
3 0.6447368421052632 0.5888157894736842 0.02631578947368421 0.12417763157894737
3 0.6208881578947368 0.6151315789473685 0.03125 0.13651315789473684
3 0.6932565789473685 0.5304276315789473 0.022203947368421052 0.11019736842105263
3 0.5699013157894737 0.9136513157894737 0.0649671052631579 0.17105263157894737
2 0.5041118421052632 0.4136513157894737 0.032072368421052634 0.07976973684210527