0 0.5361842105263158 0.7080592105263158 0.04851973684210526 0.15789473684210525
4 0.609375 0.3848684210526316 0.07976973684210527 0.09786184210526316
4 0.796875 0.5238486842105263 0.1825657894736842 0.22615131578947367
4 0.5370065789473685 0.4029605263157895 0.09046052631578948 0.12664473684210525
2 0.5353618421052632 0.7483552631578947 0.04851973684210526 0.23848684210526316
4 0.5139802631578947 0.3149671052631579 0.046875 0.06414473684210527
4 0.4399671052631579 0.2902960526315789 0.044407894736842105 0.07730263157894737
2 0.7944078947368421 0.852796052631579 0.08223684210526316 0.23848684210526316
2 0.8807565789473685 0.7384868421052632 0.07154605263157894 0.15953947368421054
2 0.5567434210526315 0.5098684210526315 0.047697368421052634 0.12582236842105263
2 0.6973684210526315 0.40460526315789475 0.04029605263157895 0.10279605263157894
4 0.8273026315789473 0.47286184210526316 0.14309210526315788 0.15542763157894737