1 0.46381578947368424 0.5896381578947368 0.039473684210526314 0.14309210526315788
4 0.6332236842105263 0.537828947368421 0.12582236842105263 0.14720394736842105
4 0.8873355263157895 0.6685855263157895 0.22450657894736842 0.32319078947368424
4 0.6439144736842105 0.4161184210526316 0.10526315789473684 0.11513157894736842
4 0.5444078947368421 0.34292763157894735 0.06414473684210527 0.08388157894736842
4 0.46875 0.3379934210526316 0.054276315789473686 0.07976973684210527
4 0.6587171052631579 0.3618421052631579 0.09210526315789473 0.08634868421052631
4 0.4144736842105263 0.2894736842105263 0.03782894736842105 0.06907894736842106
3 0.42598684210526316 0.915296052631579 0.049342105263157895 0.15789473684210525
2 0.8626644736842105 0.8404605263157895 0.09375 0.21546052631578946
3 0.38898026315789475 0.8552631578947368 0.05592105263157895 0.1455592105263158
2 0.5189144736842105 0.43832236842105265 0.033717105263157895 0.10279605263157894
2 0.5427631578947368 0.39144736842105265 0.03042763157894737 0.0805921052631579