1 0.5123355263157895 0.4769736842105263 0.04111842105263158 0.1118421052631579
4 0.5172697368421053 0.4029605263157895 0.078125 0.0912828947368421
4 0.7393092105263158 0.509046052631579 0.17269736842105263 0.21546052631578946
4 0.5731907894736842 0.3626644736842105 0.07072368421052631 0.08552631578947369
4 0.453125 0.4819078947368421 0.08305921052631579 0.11842105263157894
4 0.6990131578947368 0.30838815789473684 0.08388157894736842 0.10444078947368421
4 0.7475328947368421 0.4152960526315789 0.12911184210526316 0.0962171052631579
3 0.3873355263157895 0.865953947368421 0.05098684210526316 0.1513157894736842
3 0.3495065789473684 0.6011513157894737 0.027138157894736843 0.10279605263157894
3 0.3363486842105263 0.37993421052631576 0.013980263157894737 0.06907894736842106
2 0.8848684210526315 0.5386513157894737 0.07236842105263158 0.13651315789473684