1 0.46957236842105265 0.7837171052631579 0.0649671052631579 0.17845394736842105
4 0.125 0.5230263157894737 0.17023026315789475 0.17269736842105263
4 0.3371710526315789 0.45230263157894735 0.11101973684210527 0.13240131578947367
4 0.3355263157894737 0.36019736842105265 0.09950657894736842 0.10855263157894737
4 0.4786184210526316 0.3215460526315789 0.05674342105263158 0.06907894736842106
2 0.19654605263157895 0.8478618421052632 0.07976973684210527 0.22203947368421054
4 0.4654605263157895 0.24013157894736842 0.05263157894736842 0.061677631578947366
4 0.5633223684210527 0.28536184210526316 0.04523026315789474 0.06907894736842106
4 0.680921052631579 0.31332236842105265 0.039473684210526314 0.06578947368421052
4 0.04523026315789474 0.8478618421052632 0.08881578947368421 0.2450657894736842
3 0.6751644736842105 0.5205592105263158 0.023848684210526317 0.0962171052631579
3 0.6389802631578947 0.584703947368421 0.03618421052631579 0.109375
2 0.4399671052631579 0.4276315789473684 0.04029605263157895 0.10444078947368421