1 0.5962171052631579 0.4613486842105263 0.03289473684210526 0.10608552631578948
1 0.5501644736842105 0.4720394736842105 0.028782894736842105 0.12582236842105263
4 0.33305921052631576 0.5550986842105263 0.14638157894736842 0.20476973684210525
4 0.37582236842105265 0.40625 0.08717105263157894 0.10855263157894737
4 0.26973684210526316 0.42351973684210525 0.12088815789473684 0.12582236842105263
4 0.546875 0.3404605263157895 0.05674342105263158 0.07976973684210527
4 0.4613486842105263 0.33881578947368424 0.06332236842105263 0.08717105263157894
4 0.4432565789473684 0.3199013157894737 0.05592105263157895 0.0962171052631579
4 0.03536184210526316 0.7853618421052632 0.06990131578947369 0.21628289473684212
2 0.17269736842105263 0.618421052631579 0.0649671052631579 0.14391447368421054
2 0.0962171052631579 0.6069078947368421 0.07401315789473684 0.13404605263157895
3 0.6776315789473685 0.44819078947368424 0.018914473684210526 0.08470394736842106
3 0.671875 0.5328947368421053 0.02631578947368421 0.11348684210526316
2 0.4901315789473684 0.4753289473684211 0.039473684210526314 0.12417763157894737
2 0.46381578947368424 0.4161184210526316 0.04276315789473684 0.11842105263157894