1 0.4317434210526316 0.4498355263157895 0.02549342105263158 0.109375
4 0.7319078947368421 0.4629934210526316 0.16282894736842105 0.19736842105263158
4 0.6398026315789473 0.6694078947368421 0.16200657894736842 0.22861842105263158
4 0.5016447368421053 0.3560855263157895 0.07072368421052631 0.09457236842105263
4 0.5386513157894737 0.2886513157894737 0.055098684210526314 0.06332236842105263
2 0.6258223684210527 0.5049342105263158 0.04194078947368421 0.11924342105263158
4 0.3404605263157895 0.29605263157894735 0.05756578947368421 0.07730263157894737
4 0.9523026315789473 0.7861842105263158 0.09292763157894737 0.23190789473684212
4 0.4967105263157895 0.28289473684210525 0.04194078947368421 0.06743421052631579
3 0.3215460526315789 0.5016447368421053 0.024671052631578948 0.0912828947368421
2 0.5945723684210527 0.3815789473684211 0.03536184210526316 0.08963815789473684