1 0.5271381578947368 0.7845394736842105 0.05592105263157895 0.16611842105263158
4 0.8601973684210527 0.618421052631579 0.20230263157894737 0.2393092105263158
4 0.5304276315789473 0.41694078947368424 0.08141447368421052 0.10279605263157894
4 0.537828947368421 0.3347039473684211 0.05098684210526316 0.06825657894736842
4 0.6422697368421053 0.3503289473684211 0.0805921052631579 0.0805921052631579
4 0.4810855263157895 0.34210526315789475 0.05098684210526316 0.07319078947368421
2 0.6595394736842105 0.5238486842105263 0.04523026315789474 0.11430921052631579
2 0.678453947368421 0.6751644736842105 0.05838815789473684 0.17516447368421054
4 0.6365131578947368 0.42105263157894735 0.09539473684210527 0.10773026315789473
4 0.43914473684210525 0.31661184210526316 0.04029605263157895 0.06578947368421052
4 0.8322368421052632 0.4786184210526316 0.1455592105263158 0.12664473684210525
4 0.4144736842105263 0.2902960526315789 0.038651315789473686 0.06743421052631579
4 0.5518092105263158 0.26151315789473684 0.08717105263157894 0.10361842105263158
4 0.4712171052631579 0.2730263157894737 0.04358552631578947 0.06907894736842106
3 0.3503289473684211 0.7450657894736842 0.03782894736842105 0.14802631578947367
3 0.4004934210526316 0.774671052631579 0.04276315789473684 0.15953947368421054
3 0.3042763157894737 0.6800986842105263 0.028782894736842105 0.1513157894736842