1 0.4629934210526316 0.8223684210526315 0.06825657894736842 0.19078947368421054
4 0.3659539473684211 0.5353618421052632 0.13157894736842105 0.17434210526315788
4 0.07894736842105263 0.5592105263157895 0.15625 0.19490131578947367
4 0.2524671052631579 0.5049342105263158 0.16940789473684212 0.16611842105263158
4 0.3659539473684211 0.34786184210526316 0.07401315789473684 0.08552631578947369
4 0.43667763157894735 0.3569078947368421 0.07483552631578948 0.10279605263157894
4 0.5394736842105263 0.3190789473684211 0.055098684210526314 0.0756578947368421
2 0.4662828947368421 0.8569078947368421 0.061677631578947366 0.25164473684210525
4 0.46875 0.28618421052631576 0.046052631578947366 0.06661184210526316
4 0.5131578947368421 0.28042763157894735 0.04111842105263158 0.0756578947368421
2 0.4605263157894737 0.3972039473684211 0.03125 0.07730263157894737