1 0.4284539473684211 0.4440789473684211 0.03125 0.0912828947368421
1 0.4819078947368421 0.5814144736842105 0.03536184210526316 0.11759868421052631
4 0.5855263157894737 0.46792763157894735 0.10279605263157894 0.13651315789473684
4 0.8396381578947368 0.6143092105263158 0.17927631578947367 0.20559210526315788
4 0.8610197368421053 0.8379934210526315 0.24177631578947367 0.30098684210526316
4 0.5682565789473685 0.375 0.08717105263157894 0.09210526315789473
4 0.8569078947368421 0.5016447368421053 0.16200657894736842 0.16611842105263158
4 0.44819078947368424 0.25 0.046052631578947366 0.07730263157894737
4 0.5008223684210527 0.29769736842105265 0.054276315789473686 0.07236842105263158
4 0.6521381578947368 0.3618421052631579 0.08305921052631579 0.08634868421052631
3 0.3684210526315789 0.7976973684210527 0.04523026315789474 0.13980263157894737