1 0.4597039473684211 0.5106907894736842 0.038651315789473686 0.12911184210526316
4 0.6587171052631579 0.5921052631578947 0.15049342105263158 0.18092105263157895
4 0.6069078947368421 0.3988486842105263 0.09950657894736842 0.11430921052631579
4 0.899671052631579 0.5740131578947368 0.19901315789473684 0.23684210526315788
4 0.6932565789473685 0.390625 0.08799342105263158 0.08634868421052631
4 0.5567434210526315 0.2993421052631579 0.05674342105263158 0.06661184210526316
4 0.45723684210526316 0.3199013157894737 0.04523026315789474 0.0625
4 0.4753289473684211 0.2754934210526316 0.046052631578947366 0.06085526315789474
4 0.4087171052631579 0.2878289473684211 0.03453947368421053 0.05592105263157895
3 0.4588815789473684 0.49917763157894735 0.02549342105263158 0.10115131578947369
3 0.49835526315789475 0.37664473684210525 0.023848684210526317 0.078125
3 0.3100328947368421 0.6052631578947368 0.03289473684210526 0.11430921052631579
2 0.46463815789473684 0.4144736842105263 0.03289473684210526 0.08305921052631579
2 0.5271381578947368 0.43832236842105265 0.03700657894736842 0.08963815789473684
3 0.32648026315789475 0.5123355263157895 0.03700657894736842 0.09210526315789473