4 0.3001644736842105 0.3972039473684211 0.0962171052631579 0.08881578947368421
4 0.4317434210526316 0.3626644736842105 0.08141447368421052 0.08881578947368421
4 0.42023026315789475 0.4720394736842105 0.10115131578947369 0.11430921052631579
4 0.5444078947368421 0.39555921052631576 0.07072368421052631 0.1069078947368421
4 0.15213815789473684 0.821546052631579 0.25164473684210525 0.2878289473684211
4 0.5888157894736842 0.3092105263157895 0.044407894736842105 0.09539473684210527
2 0.12006578947368421 0.6282894736842105 0.06825657894736842 0.15871710526315788
2 0.24424342105263158 0.5205592105263158 0.04851973684210526 0.11595394736842106
4 0.546875 0.3067434210526316 0.044407894736842105 0.07483552631578948
3 0.6759868421052632 0.4720394736842105 0.023848684210526317 0.09046052631578948
1 0.5666118421052632 0.5361842105263158 0.04276315789473684 0.125