1 0.5773026315789473 0.45394736842105265 0.038651315789473686 0.11430921052631579
4 0.21299342105263158 0.7804276315789473 0.24588815789473684 0.4136513157894737
4 0.18421052631578946 0.47286184210526316 0.13157894736842105 0.14144736842105263
4 0.33223684210526316 0.4449013157894737 0.11677631578947369 0.13404605263157895
4 0.4284539473684211 0.453125 0.109375 0.15378289473684212
4 0.08470394736842106 0.7384868421052632 0.16776315789473684 0.3305921052631579
4 0.5139802631578947 0.27960526315789475 0.047697368421052634 0.0756578947368421
4 0.5320723684210527 0.3338815789473684 0.046875 0.06414473684210527
2 0.30180921052631576 0.9037828947368421 0.08552631578947369 0.17845394736842105
4 0.3873355263157895 0.31661184210526316 0.07976973684210527 0.10773026315789473
4 0.45148026315789475 0.3199013157894737 0.04851973684210526 0.0805921052631579
3 0.6554276315789473 0.5460526315789473 0.027960526315789474 0.10032894736842106
2 0.4909539473684211 0.5205592105263158 0.04276315789473684 0.11842105263157894