1 0.48848684210526316 0.5855263157894737 0.04111842105263158 0.13075657894736842
4 0.6768092105263158 0.5666118421052632 0.1768092105263158 0.2138157894736842
4 0.546875 0.43832236842105265 0.09046052631578948 0.12335526315789473
4 0.8536184210526315 0.5106907894736842 0.14802631578947367 0.14144736842105263
4 0.6957236842105263 0.4712171052631579 0.13404605263157895 0.12664473684210525
4 0.6266447368421053 0.8396381578947368 0.16858552631578946 0.3034539473684211
4 0.5131578947368421 0.31167763157894735 0.05921052631578947 0.08305921052631579
4 0.5912828947368421 0.3199013157894737 0.0649671052631579 0.07483552631578948
4 0.4810855263157895 0.3659539473684211 0.05756578947368421 0.07976973684210527
2 0.828125 0.6291118421052632 0.0649671052631579 0.1356907894736842
4 0.42269736842105265 0.35444078947368424 0.044407894736842105 0.078125
3 0.4342105263157895 0.8626644736842105 0.03782894736842105 0.14720394736842105