1 0.4243421052631579 0.4564144736842105 0.03453947368421053 0.09210526315789473
1 0.4588815789473684 0.524671052631579 0.03700657894736842 0.11924342105263158
4 0.5896381578947368 0.37335526315789475 0.08799342105263158 0.10608552631578948
4 0.8610197368421053 0.8207236842105263 0.24013157894736842 0.3314144736842105
4 0.6611842105263158 0.3651315789473684 0.07483552631578948 0.08141447368421052
2 0.727796052631579 0.5386513157894737 0.05098684210526316 0.12911184210526316
4 0.48930921052631576 0.3626644736842105 0.05921052631578947 0.0805921052631579
4 0.4465460526315789 0.2450657894736842 0.039473684210526314 0.06578947368421052
4 0.4909539473684211 0.2837171052631579 0.04111842105263158 0.06332236842105263
4 0.5526315789473685 0.30180921052631576 0.046052631578947366 0.06743421052631579
4 0.39226973684210525 0.25164473684210525 0.03125 0.044407894736842105
4 0.4136513157894737 0.21792763157894737 0.02549342105263158 0.044407894736842105
3 0.32401315789473684 0.5328947368421053 0.023848684210526317 0.10032894736842106
2 0.8297697368421053 0.4925986842105263 0.049342105263157895 0.09786184210526316