1 0.5863486842105263 0.5271381578947368 0.03042763157894737 0.1118421052631579
4 0.24753289473684212 0.5279605263157895 0.16940789473684212 0.19654605263157895
4 0.10773026315789473 0.5328947368421053 0.16282894736842105 0.1768092105263158
4 0.49506578947368424 0.41036184210526316 0.07072368421052631 0.09457236842105263
4 0.4564144736842105 0.3511513157894737 0.060032894736842105 0.08717105263157894
4 0.10855263157894737 0.8963815789473685 0.21628289473684212 0.20476973684210525
4 0.4276315789473684 0.3034539473684211 0.05016447368421053 0.06661184210526316
4 0.5361842105263158 0.32894736842105265 0.04358552631578947 0.0625
4 0.48519736842105265 0.31085526315789475 0.039473684210526314 0.06825657894736842
4 0.29276315789473684 0.39144736842105265 0.10361842105263158 0.10773026315789473
4 0.5748355263157895 0.2935855263157895 0.03536184210526316 0.06578947368421052
3 0.6069078947368421 0.743421052631579 0.05345394736842105 0.14309210526315788