1 0.506578947368421 0.6513157894736842 0.04523026315789474 0.15460526315789475
4 0.75 0.522203947368421 0.15871710526315788 0.18092105263157895
4 0.48026315789473684 0.3470394736842105 0.05180921052631579 0.07894736842105263
4 0.6208881578947368 0.3379934210526316 0.07072368421052631 0.08141447368421052
2 0.6414473684210527 0.587171052631579 0.05838815789473684 0.1455592105263158
4 0.9004934210526315 0.8881578947368421 0.19736842105263158 0.21052631578947367
4 0.8585526315789473 0.5148026315789473 0.14144736842105263 0.15213815789473684
4 0.421875 0.30838815789473684 0.04111842105263158 0.05592105263157895
4 0.4967105263157895 0.2935855263157895 0.05098684210526316 0.07236842105263158
2 0.5337171052631579 0.5131578947368421 0.03536184210526316 0.09786184210526316
3 0.4342105263157895 0.9325657894736842 0.06332236842105263 0.13240131578947367
3 0.3034539473684211 0.5731907894736842 0.022203947368421052 0.09786184210526316
3 0.328125 0.5131578947368421 0.02549342105263158 0.09210526315789473
2 0.5509868421052632 0.4375 0.039473684210526314 0.08881578947368421
2 0.4917763157894737 0.44819078947368424 0.038651315789473686 0.09703947368421052