1 0.5024671052631579 0.6973684210526315 0.05263157894736842 0.15542763157894737
1 0.44161184210526316 0.5805921052631579 0.04029605263157895 0.13240131578947367
4 0.7508223684210527 0.7088815789473685 0.19325657894736842 0.2393092105263158
4 0.9087171052631579 0.5526315789473685 0.1611842105263158 0.1669407894736842
4 0.5493421052631579 0.3305921052631579 0.05921052631578947 0.08305921052631579
2 0.7450657894736842 0.5254934210526315 0.046875 0.11595394736842106
2 0.9350328947368421 0.65625 0.07319078947368421 0.15460526315789475
3 0.33305921052631576 0.4152960526315789 0.02055921052631579 0.08634868421052631
2 0.8355263157894737 0.5723684210526315 0.06085526315789474 0.13157894736842105
2 0.6702302631578947 0.39555921052631576 0.04276315789473684 0.08963815789473684
2 0.602796052631579 0.41694078947368424 0.046052631578947366 0.10032894736842106
2 0.4917763157894737 0.4161184210526316 0.04276315789473684 0.08963815789473684
2 0.5386513157894737 0.39226973684210525 0.03700657894736842 0.08305921052631579
2 0.6110197368421053 0.3404605263157895 0.03289473684210526 0.06414473684210527
2 0.8182565789473685 0.6439144736842105 0.06578947368421052 0.15296052631578946