1 0.5345394736842105 0.6282894736842105 0.054276315789473686 0.14720394736842105
4 0.6973684210526315 0.4934210526315789 0.15542763157894737 0.1611842105263158
4 0.9177631578947368 0.5345394736842105 0.13651315789473684 0.14720394736842105
4 0.671875 0.928453947368421 0.20723684210526316 0.13404605263157895
4 0.5386513157894737 0.3371710526315789 0.06743421052631579 0.08717105263157894
4 0.6217105263157895 0.328125 0.078125 0.08470394736842106
4 0.865953947368421 0.47944078947368424 0.15049342105263158 0.19983552631578946
4 0.4432565789473684 0.3042763157894737 0.04194078947368421 0.06825657894736842
2 0.8980263157894737 0.6373355263157895 0.061677631578947366 0.14802631578947367
2 0.6710526315789473 0.6052631578947368 0.054276315789473686 0.15871710526315788
2 0.7911184210526315 0.5106907894736842 0.05838815789473684 0.12828947368421054
4 0.8322368421052632 0.8626644736842105 0.29276315789473684 0.2722039473684211