1 0.4128289473684211 0.4194078947368421 0.024671052631578948 0.08141447368421052
4 0.8939144736842105 0.540296052631579 0.16282894736842105 0.1611842105263158
4 0.5049342105263158 0.5962171052631579 0.11842105263157894 0.18421052631578946
4 0.5592105263157895 0.3462171052631579 0.0756578947368421 0.08881578947368421
2 0.6258223684210527 0.41036184210526316 0.03700657894736842 0.1118421052631579
2 0.7351973684210527 0.509046052631579 0.05838815789473684 0.13404605263157895
4 0.4284539473684211 0.2845394736842105 0.04523026315789474 0.07401315789473684
4 0.9506578947368421 0.7820723684210527 0.0962171052631579 0.23190789473684212
4 0.4136513157894737 0.35773026315789475 0.04851973684210526 0.06743421052631579
2 0.5953947368421053 0.47368421052631576 0.04111842105263158 0.10032894736842106
3 0.3692434210526316 0.7006578947368421 0.04111842105263158 0.125
3 0.32401315789473684 0.5123355263157895 0.023848684210526317 0.09210526315789473