1 0.5016447368421053 0.6529605263157895 0.055098684210526314 0.17105263157894737
4 0.6735197368421053 0.5978618421052632 0.15953947368421054 0.2080592105263158
4 0.6743421052631579 0.4350328947368421 0.11101973684210527 0.13404605263157895
4 0.5509868421052632 0.37417763157894735 0.07648026315789473 0.09703947368421052
4 0.5197368421052632 0.31085526315789475 0.05756578947368421 0.08470394736842106
4 0.4317434210526316 0.2565789473684211 0.03782894736842105 0.07319078947368421
4 0.5172697368421053 0.29194078947368424 0.054276315789473686 0.08388157894736842
2 0.5180921052631579 0.4276315789473684 0.027138157894736843 0.09210526315789473
4 0.9761513157894737 0.6373355263157895 0.044407894736842105 0.12582236842105263
3 0.359375 0.5896381578947368 0.032072368421052634 0.11266447368421052
3 0.32648026315789475 0.5838815789473685 0.03618421052631579 0.12006578947368421