1 0.4087171052631579 0.48026315789473684 0.027960526315789474 0.11019736842105263
0 0.46710526315789475 0.6513157894736842 0.046052631578947366 0.13815789473684212
1 0.5740131578947368 0.9424342105263158 0.08141447368421052 0.11348684210526316
4 0.7870065789473685 0.44161184210526316 0.1455592105263158 0.16036184210526316
4 0.6200657894736842 0.5411184210526315 0.14226973684210525 0.18585526315789475
4 0.6570723684210527 0.44243421052631576 0.12828947368421054 0.14226973684210525
4 0.4605263157894737 0.3190789473684211 0.04276315789473684 0.07154605263157894
4 0.5641447368421053 0.2993421052631579 0.0625 0.07401315789473684
4 0.509046052631579 0.3092105263157895 0.044407894736842105 0.07483552631578948
4 0.524671052631579 0.39144736842105265 0.07648026315789473 0.08388157894736842
2 0.5921052631578947 0.37664473684210525 0.03289473684210526 0.07401315789473684