1 0.584703947368421 0.4276315789473684 0.02631578947368421 0.09210526315789473
1 0.6052631578947368 0.41118421052631576 0.024671052631578948 0.08552631578947369
4 0.203125 0.5238486842105263 0.171875 0.21710526315789475
4 0.3651315789473684 0.5337171052631579 0.17105263157894737 0.23848684210526316
4 0.47944078947368424 0.3092105263157895 0.04851973684210526 0.07401315789473684
4 0.41776315789473684 0.3675986842105263 0.07648026315789473 0.08552631578947369
4 0.5230263157894737 0.3536184210526316 0.054276315789473686 0.06990131578947369
4 0.04523026315789474 0.7574013157894737 0.08799342105263158 0.21546052631578946
2 0.07483552631578948 0.569078947368421 0.055098684210526314 0.13980263157894737
4 0.5254934210526315 0.27960526315789475 0.04276315789473684 0.05838815789473684
3 0.6463815789473685 0.6011513157894737 0.027138157894736843 0.1069078947368421
3 0.6833881578947368 0.5953947368421053 0.023848684210526317 0.10855263157894737
2 0.3157894736842105 0.44901315789473684 0.04358552631578947 0.0962171052631579