1 0.5115131578947368 0.6636513157894737 0.04523026315789474 0.15789473684210525
1 0.5723684210526315 0.6291118421052632 0.04851973684210526 0.13486842105263158
4 0.5707236842105263 0.46463815789473684 0.10361842105263158 0.12171052631578948
4 0.930921052631579 0.5789473684210527 0.13157894736842105 0.22697368421052633
4 0.790296052631579 0.7327302631578947 0.2236842105263158 0.3001644736842105
4 0.4662828947368421 0.4465460526315789 0.07236842105263158 0.10444078947368421
4 0.6620065789473685 0.4152960526315789 0.12746710526315788 0.15707236842105263
4 0.48930921052631576 0.31414473684210525 0.055098684210526314 0.0756578947368421
4 0.571546052631579 0.33963815789473684 0.06332236842105263 0.1118421052631579
4 0.553453947368421 0.29276315789473684 0.04851973684210526 0.09539473684210527
2 0.7351973684210527 0.4251644736842105 0.05592105263157895 0.10361842105263158