1 0.46381578947368424 0.5633223684210527 0.03536184210526316 0.11348684210526316
4 0.7524671052631579 0.6356907894736842 0.203125 0.26151315789473684
4 0.6266447368421053 0.34539473684210525 0.07730263157894737 0.09046052631578948
4 0.4276315789473684 0.2878289473684211 0.039473684210526314 0.06990131578947369
4 0.6957236842105263 0.4720394736842105 0.14391447368421054 0.14967105263157895
4 0.4399671052631579 0.3684210526315789 0.05180921052631579 0.08470394736842106
4 0.5115131578947368 0.31085526315789475 0.046875 0.06907894736842106
4 0.9235197368421053 0.5970394736842105 0.1455592105263158 0.18174342105263158
2 0.5345394736842105 0.43832236842105265 0.023848684210526317 0.08552631578947369
2 0.8396381578947368 0.9243421052631579 0.11595394736842106 0.1299342105263158
3 0.34457236842105265 0.9325657894736842 0.05180921052631579 0.11842105263157894
3 0.4161184210526316 0.8963815789473685 0.05921052631578947 0.19407894736842105
2 0.6365131578947368 0.4917763157894737 0.047697368421052634 0.11595394736842106
2 0.8083881578947368 0.5024671052631579 0.0649671052631579 0.12171052631578948
2 0.8799342105263158 0.5830592105263158 0.06414473684210527 0.14226973684210525
2 0.9383223684210527 0.6792763157894737 0.08470394736842106 0.15871710526315788