1 0.4597039473684211 0.5189144736842105 0.038651315789473686 0.12664473684210525
4 0.5657894736842105 0.46381578947368424 0.09786184210526316 0.14638157894736842
4 0.8396381578947368 0.6052631578947368 0.20641447368421054 0.2450657894736842
4 0.5682565789473685 0.375 0.08141447368421052 0.10032894736842106
4 0.44819078947368424 0.32319078947368424 0.047697368421052634 0.07483552631578948
4 0.9120065789473685 0.8963815789473685 0.17269736842105263 0.19161184210526316
4 0.6414473684210527 0.3569078947368421 0.07072368421052631 0.07483552631578948
2 0.7014802631578947 0.8717105263157895 0.08223684210526316 0.21546052631578946
4 0.5625 0.3092105263157895 0.05098684210526316 0.06661184210526316
4 0.4876644736842105 0.3157894736842105 0.04276315789473684 0.09046052631578948
4 0.43256578947368424 0.2565789473684211 0.049342105263157895 0.08552631578947369