1 0.4465460526315789 0.7401315789473685 0.061677631578947366 0.17269736842105263
4 0.20723684210526316 0.46875 0.12582236842105263 0.1299342105263158
4 0.1768092105263158 0.8231907894736842 0.23766447368421054 0.33881578947368424
4 0.39473684210526316 0.3972039473684211 0.08388157894736842 0.0962171052631579
4 0.3404605263157895 0.37088815789473684 0.08141447368421052 0.08388157894736842
4 0.08552631578947369 0.727796052631579 0.16776315789473684 0.2598684210526316
4 0.4292763157894737 0.30756578947368424 0.055098684210526314 0.06743421052631579
4 0.5370065789473685 0.28042763157894735 0.03700657894736842 0.05263157894736842
4 0.4975328947368421 0.31167763157894735 0.04276315789473684 0.06578947368421052
4 0.5419407894736842 0.48519736842105265 0.08305921052631579 0.12335526315789473
3 0.6587171052631579 0.5419407894736842 0.02631578947368421 0.09292763157894737
2 0.5008223684210527 0.4087171052631579 0.03700657894736842 0.0962171052631579
2 0.4786184210526316 0.37911184210526316 0.03125 0.08552631578947369