0 0.40707236842105265 0.42351973684210525 0.032072368421052634 0.0912828947368421
4 0.8042763157894737 0.725328947368421 0.203125 0.3125
4 0.8125 0.5904605263157895 0.16858552631578946 0.17269736842105263
4 0.44819078947368424 0.3125 0.04029605263157895 0.05756578947368421
4 0.9407894736842105 0.6101973684210527 0.11677631578947369 0.20559210526315788
4 0.5180921052631579 0.24259868421052633 0.054276315789473686 0.07483552631578948
4 0.6447368421052632 0.35773026315789475 0.07483552631578948 0.07483552631578948
2 0.5592105263157895 0.49835526315789475 0.03782894736842105 0.10197368421052631
3 0.40789473684210525 0.8108552631578947 0.060032894736842105 0.16282894736842105
3 0.35773026315789475 0.8379934210526315 0.04851973684210526 0.16858552631578946
3 0.3199013157894737 0.5641447368421053 0.03042763157894737 0.1118421052631579
3 0.32976973684210525 0.5361842105263158 0.032072368421052634 0.1118421052631579