0 0.5485197368421053 0.805921052631579 0.05263157894736842 0.18009868421052633
4 0.875 0.8116776315789473 0.24342105263157895 0.37417763157894735
4 0.5411184210526315 0.515625 0.11430921052631579 0.140625
4 0.837171052631579 0.5756578947368421 0.16529605263157895 0.1875
4 0.6324013157894737 0.39473684210526316 0.09457236842105263 0.1299342105263158
2 0.7442434210526315 0.5838815789473685 0.05263157894736842 0.14226973684210525
4 0.6759868421052632 0.37417763157894735 0.09703947368421052 0.10608552631578948
4 0.9046052631578947 0.5328947368421053 0.18092105263157895 0.20394736842105263
4 0.5041118421052632 0.3626644736842105 0.060032894736842105 0.08141447368421052
2 0.4440789473684211 0.41694078947368424 0.028782894736842105 0.06825657894736842
2 0.6365131578947368 0.48273026315789475 0.03700657894736842 0.10361842105263158
2 0.5822368421052632 0.43667763157894735 0.03700657894736842 0.08963815789473684
2 0.5106907894736842 0.4161184210526316 0.029605263157894735 0.08388157894736842
2 0.5682565789473685 0.3618421052631579 0.03125 0.06825657894736842