1 0.453125 0.602796052631579 0.028782894736842105 0.12911184210526316
4 0.8083881578947368 0.4654605263157895 0.14638157894736842 0.1513157894736842
4 0.5855263157894737 0.48930921052631576 0.10855263157894737 0.13404605263157895
4 0.5756578947368421 0.3717105263157895 0.07483552631578948 0.08470394736842106
4 0.7047697368421053 0.48355263157894735 0.12582236842105263 0.13486842105263158
4 0.8199013157894737 0.8116776315789473 0.24342105263157895 0.3462171052631579
4 0.43832236842105265 0.36019736842105265 0.054276315789473686 0.0912828947368421
4 0.569078947368421 0.31085526315789475 0.05098684210526316 0.0625
4 0.5098684210526315 0.37664473684210525 0.05838815789473684 0.08634868421052631
3 0.3207236842105263 0.4753289473684211 0.023848684210526317 0.11924342105263158
2 0.6644736842105263 0.7351973684210527 0.08223684210526316 0.19654605263157895
2 0.6521381578947368 0.3807565789473684 0.03453947368421053 0.08634868421052631
2 0.6825657894736842 0.3675986842105263 0.038651315789473686 0.07319078947368421