1 0.453125 0.4786184210526316 0.03782894736842105 0.11266447368421052
1 0.42105263157894735 0.40707236842105265 0.027960526315789474 0.09539473684210527
4 0.6644736842105263 0.46957236842105265 0.12171052631578948 0.15460526315789475
4 0.8889802631578947 0.8741776315789473 0.22121710526315788 0.23684210526315788
4 0.7574013157894737 0.42680921052631576 0.11513157894736842 0.125
4 0.5123355263157895 0.4095394736842105 0.0756578947368421 0.0912828947368421
2 0.6044407894736842 0.5830592105263158 0.049342105263157895 0.1455592105263158
4 0.4761513157894737 0.28289473684210525 0.04276315789473684 0.05592105263157895
4 0.5583881578947368 0.3001644736842105 0.05180921052631579 0.061677631578947366
4 0.5444078947368421 0.36430921052631576 0.06332236842105263 0.07730263157894737
3 0.3248355263157895 0.5205592105263158 0.023848684210526317 0.09703947368421052
3 0.36101973684210525 0.5838815789473685 0.03700657894736842 0.10773026315789473