1 0.5074013157894737 0.6529605263157895 0.05756578947368421 0.15871710526315788
4 0.6866776315789473 0.587171052631579 0.20065789473684212 0.24671052631578946
4 0.8125 0.4613486842105263 0.14473684210526316 0.15953947368421054
4 0.5361842105263158 0.41776315789473684 0.0805921052631579 0.09703947368421052
4 0.4629934210526316 0.34210526315789475 0.05345394736842105 0.06825657894736842
4 0.5978618421052632 0.37088815789473684 0.07483552631578948 0.109375
4 0.9383223684210527 0.75 0.11759868421052631 0.2598684210526316
2 0.5345394736842105 0.5814144736842105 0.049342105263157895 0.13486842105263158
2 0.6751644736842105 0.9095394736842105 0.0962171052631579 0.17023026315789475
4 0.5296052631578947 0.28042763157894735 0.04029605263157895 0.05345394736842105
3 0.3371710526315789 0.6825657894736842 0.038651315789473686 0.13980263157894737
2 0.7425986842105263 0.8248355263157895 0.09786184210526316 0.24095394736842105