0 0.46875 0.75 0.0625 0.17845394736842105
4 0.32730263157894735 0.6299342105263158 0.15953947368421054 0.24917763157894737
4 0.09868421052631579 0.6998355263157895 0.19572368421052633 0.27631578947368424
4 0.38569078947368424 0.39226973684210525 0.10279605263157894 0.125
4 0.48519736842105265 0.33881578947368424 0.05592105263157895 0.06332236842105263
4 0.4810855263157895 0.2722039473684211 0.04194078947368421 0.061677631578947366
4 0.537828947368421 0.2713815789473684 0.03289473684210526 0.05592105263157895
3 0.649671052631579 0.7598684210526315 0.05838815789473684 0.14802631578947367
2 0.26151315789473684 0.4095394736842105 0.054276315789473686 0.0912828947368421
2 0.3371710526315789 0.3881578947368421 0.03618421052631579 0.08388157894736842
2 0.49588815789473684 0.40460526315789475 0.03700657894736842 0.08963815789473684