1 0.4457236842105263 0.53125 0.028782894736842105 0.10855263157894737
0 0.4629934210526316 0.7105263157894737 0.05016447368421053 0.13651315789473684
4 0.5452302631578947 0.6603618421052632 0.15789473684210525 0.21546052631578946
4 0.5896381578947368 0.44243421052631576 0.23766447368421054 0.27960526315789475
4 0.9333881578947368 0.5838815789473685 0.12828947368421054 0.20394736842105263
4 0.6800986842105263 0.37993421052631576 0.09457236842105263 0.11019736842105263
4 0.9572368421052632 0.7804276315789473 0.0805921052631579 0.2236842105263158
2 0.7919407894736842 0.537828947368421 0.05756578947368421 0.13075657894736842
4 0.42351973684210525 0.31743421052631576 0.04194078947368421 0.07976973684210527
3 0.3379934210526316 0.484375 0.02138157894736842 0.10444078947368421
3 0.41776315789473684 0.9350328947368421 0.05674342105263158 0.11266447368421052