1 0.4597039473684211 0.5164473684210527 0.046052631578947366 0.12006578947368421
4 0.6398026315789473 0.42105263157894735 0.10279605263157894 0.12911184210526316
4 0.7327302631578947 0.4152960526315789 0.11101973684210527 0.11513157894736842
4 0.6077302631578947 0.3347039473684211 0.0625 0.07319078947368421
2 0.946546052631579 0.7532894736842105 0.08717105263157894 0.19983552631578946
4 0.4769736842105263 0.4194078947368421 0.07236842105263158 0.08717105263157894
4 0.49588815789473684 0.35855263157894735 0.05921052631578947 0.06743421052631579
4 0.42351973684210525 0.2911184210526316 0.038651315789473686 0.055098684210526314
4 0.3223684210526316 0.31661184210526316 0.032072368421052634 0.05838815789473684
3 0.3248355263157895 0.5205592105263158 0.023848684210526317 0.10032894736842106
3 0.38651315789473684 0.9350328947368421 0.05756578947368421 0.12171052631578948
3 0.36101973684210525 0.584703947368421 0.03453947368421053 0.10608552631578948