1 0.4375 0.7401315789473685 0.05674342105263158 0.16529605263157895
1 0.43667763157894735 0.897203947368421 0.08717105263157894 0.203125
4 0.23601973684210525 0.5337171052631579 0.16365131578947367 0.19078947368421054
4 0.4432565789473684 0.5411184210526315 0.11595394736842106 0.15460526315789475
4 0.3675986842105263 0.4095394736842105 0.08223684210526316 0.09786184210526316
4 0.553453947368421 0.3067434210526316 0.04029605263157895 0.06578947368421052
4 0.13075657894736842 0.4942434210526316 0.16776315789473684 0.20970394736842105
4 0.4588815789473684 0.33223684210526316 0.060032894736842105 0.07976973684210527
4 0.35444078947368424 0.35526315789473684 0.08799342105263158 0.08717105263157894
4 0.5756578947368421 0.28042763157894735 0.03289473684210526 0.05263157894736842
4 0.6669407894736842 0.2845394736842105 0.03700657894736842 0.06825657894736842
4 0.5287828947368421 0.2746710526315789 0.049342105263157895 0.06743421052631579
4 0.5287828947368421 0.359375 0.060032894736842105 0.07894736842105263
3 0.5542763157894737 0.9111842105263158 0.05180921052631579 0.16529605263157895