1 0.4498355263157895 0.4251644736842105 0.03125 0.08963815789473684
4 0.7080592105263158 0.47039473684210525 0.13240131578947367 0.15953947368421054
4 0.5773026315789473 0.4621710526315789 0.109375 0.14720394736842105
4 0.42351973684210525 0.47368421052631576 0.09786184210526316 0.1356907894736842
4 0.4498355263157895 0.31167763157894735 0.039473684210526314 0.06743421052631579
4 0.5666118421052632 0.3050986842105263 0.05180921052631579 0.06907894736842106
4 0.4629934210526316 0.2582236842105263 0.03618421052631579 0.0756578947368421
4 0.6241776315789473 0.34868421052631576 0.07483552631578948 0.07483552631578948
2 0.8009868421052632 0.4925986842105263 0.046875 0.1069078947368421
4 0.509046052631579 0.34786184210526316 0.054276315789473686 0.08634868421052631
2 0.8601973684210527 0.7327302631578947 0.0649671052631579 0.17105263157894737
3 0.3495065789473684 0.6800986842105263 0.03618421052631579 0.13404605263157895
3 0.3050986842105263 0.6792763157894737 0.033717105263157895 0.14144736842105263