1 0.4769736842105263 0.634046052631579 0.05263157894736842 0.13980263157894737
4 0.7171052631578947 0.4810855263157895 0.14144736842105263 0.16036184210526316
4 0.9276315789473685 0.5608552631578947 0.14144736842105263 0.19325657894736842
4 0.6759868421052632 0.37417763157894735 0.0805921052631579 0.07894736842105263
4 0.5830592105263158 0.37911184210526316 0.06907894736842106 0.08388157894736842
4 0.5197368421052632 0.3042763157894737 0.04851973684210526 0.08141447368421052
4 0.5049342105263158 0.3980263157894737 0.06578947368421052 0.09046052631578948
4 0.5962171052631579 0.5476973684210527 0.12746710526315788 0.15378289473684212
4 0.43832236842105265 0.26973684210526316 0.0649671052631579 0.09868421052631579
4 0.9539473684210527 0.7574013157894737 0.08881578947368421 0.2138157894736842
3 0.4161184210526316 0.9103618421052632 0.047697368421052634 0.15213815789473684
3 0.32401315789473684 0.46957236842105265 0.022203947368421052 0.09210526315789473
3 0.45230263157894735 0.8758223684210527 0.047697368421052634 0.1669407894736842
3 0.35773026315789475 0.8421052631578947 0.046875 0.23108552631578946