1 0.5057565789473685 0.634046052631579 0.046875 0.13486842105263158
1 0.4506578947368421 0.5106907894736842 0.03453947368421053 0.12828947368421054
4 0.8881578947368421 0.680921052631579 0.2080592105263158 0.23273026315789475
4 0.6019736842105263 0.546875 0.12582236842105263 0.15213815789473684
4 0.631578947368421 0.34539473684210525 0.0756578947368421 0.08552631578947369
4 0.5682565789473685 0.3618421052631579 0.06661184210526316 0.08470394736842106
4 0.4087171052631579 0.30756578947368424 0.04029605263157895 0.06414473684210527
2 0.8330592105263158 0.5016447368421053 0.05016447368421053 0.09868421052631579
4 0.42269736842105265 0.2524671052631579 0.04194078947368421 0.07401315789473684
4 0.48273026315789475 0.2878289473684211 0.04358552631578947 0.06825657894736842
3 0.34375 0.7310855263157895 0.04276315789473684 0.17598684210526316