1 0.5074013157894737 0.6463815789473685 0.04358552631578947 0.16365131578947367
4 0.3774671052631579 0.4037828947368421 0.0962171052631579 0.11513157894736842
4 0.3182565789473684 0.609375 0.16858552631578946 0.24342105263157895
4 0.5230263157894737 0.34210526315789475 0.047697368421052634 0.08141447368421052
4 0.22039473684210525 0.45394736842105265 0.12746710526315788 0.11924342105263158
2 0.09210526315789473 0.6677631578947368 0.07072368421052631 0.15871710526315788
4 0.5115131578947368 0.45394736842105265 0.09786184210526316 0.13733552631578946
4 0.47368421052631576 0.3157894736842105 0.054276315789473686 0.0756578947368421
4 0.3717105263157895 0.3536184210526316 0.08141447368421052 0.08552631578947369
4 0.5797697368421053 0.34292763157894735 0.04523026315789474 0.07894736842105263
3 0.6751644736842105 0.4375 0.022203947368421052 0.10773026315789473