1 0.5978618421052632 0.44901315789473684 0.02549342105263158 0.10361842105263158
4 0.4449013157894737 0.43256578947368424 0.09375 0.12335526315789473
4 0.2598684210526316 0.6735197368421053 0.21710526315789475 0.30098684210526316
4 0.18421052631578946 0.602796052631579 0.19161184210526316 0.21134868421052633
4 0.524671052631579 0.34210526315789475 0.054276315789473686 0.07976973684210527
4 0.0625 0.6044407894736842 0.1225328947368421 0.18009868421052633
4 0.4810855263157895 0.31743421052631576 0.05263157894736842 0.07894736842105263
4 0.4399671052631579 0.3651315789473684 0.07894736842105263 0.08141447368421052
4 0.5748355263157895 0.29194078947368424 0.04276315789473684 0.06085526315789474
4 0.32319078947368424 0.3815789473684211 0.10115131578947369 0.10361842105263158
4 0.5353618421052632 0.28207236842105265 0.039473684210526314 0.05921052631578947
2 0.40625 0.5723684210526315 0.054276315789473686 0.13980263157894737