1 0.4284539473684211 0.537828947368421 0.04851973684210526 0.11842105263157894
4 0.5921052631578947 0.47368421052631576 0.10855263157894737 0.14884868421052633
4 0.8256578947368421 0.5945723684210527 0.19736842105263158 0.22039473684210525
4 0.7557565789473685 0.7220394736842105 0.23519736842105263 0.3215460526315789
4 0.5172697368421053 0.3190789473684211 0.04851973684210526 0.07154605263157894
4 0.578125 0.37417763157894735 0.06661184210526316 0.08552631578947369
4 0.48848684210526316 0.37582236842105265 0.060032894736842105 0.078125
4 0.4251644736842105 0.2722039473684211 0.03618421052631579 0.06085526315789474
4 0.4564144736842105 0.3092105263157895 0.04358552631578947 0.06743421052631579
4 0.6110197368421053 0.3314144736842105 0.09950657894736842 0.09868421052631579
4 0.46463815789473684 0.2837171052631579 0.03782894736842105 0.0805921052631579
3 0.36101973684210525 0.6949013157894737 0.03618421052631579 0.14144736842105263
3 0.30756578947368424 0.665296052631579 0.029605263157894735 0.14309210526315788
4 0.787828947368421 0.45476973684210525 0.13240131578947367 0.10773026315789473