1 0.4975328947368421 0.6134868421052632 0.05016447368421053 0.15789473684210525
1 0.5682565789473685 0.899671052631579 0.06990131578947369 0.18667763157894737
4 0.5707236842105263 0.30838815789473684 0.0649671052631579 0.078125
4 0.6134868421052632 0.3988486842105263 0.08223684210526316 0.08634868421052631
4 0.4432565789473684 0.3939144736842105 0.05674342105263158 0.07894736842105263
4 0.4810855263157895 0.29194078947368424 0.04194078947368421 0.06578947368421052
4 0.49588815789473684 0.33223684210526316 0.049342105263157895 0.06085526315789474
4 0.946546052631579 0.7779605263157895 0.10526315789473684 0.2294407894736842
4 0.53125 0.28042763157894735 0.03536184210526316 0.05263157894736842
3 0.3782894736842105 0.7228618421052632 0.047697368421052634 0.140625
3 0.3182565789473684 0.5148026315789473 0.02631578947368421 0.10773026315789473
2 0.7047697368421053 0.39473684210526316 0.039473684210526314 0.07976973684210527