0 0.484375 0.6348684210526315 0.047697368421052634 0.140625
4 0.31661184210526316 0.4457236842105263 0.11677631578947369 0.13404605263157895
4 0.45148026315789475 0.43256578947368424 0.0805921052631579 0.10608552631578948
4 0.4300986842105263 0.3470394736842105 0.07648026315789473 0.08963815789473684
4 0.22697368421052633 0.7286184210526315 0.23190789473684212 0.3256578947368421
4 0.07976973684210527 0.5386513157894737 0.15460526315789475 0.16858552631578946
2 0.4120065789473684 0.524671052631579 0.04851973684210526 0.13815789473684212
4 0.5518092105263158 0.30756578947368424 0.039473684210526314 0.0625
4 0.05838815789473684 0.7475328947368421 0.11595394736842106 0.30098684210526316
4 0.5123355263157895 0.3511513157894737 0.054276315789473686 0.07730263157894737
4 0.40625 0.31332236842105265 0.05016447368421053 0.07730263157894737
4 0.2713815789473684 0.41036184210526316 0.0962171052631579 0.09786184210526316
4 0.48601973684210525 0.2738486842105263 0.033717105263157895 0.05263157894736842
2 0.4917763157894737 0.48519736842105265 0.03125 0.10361842105263158