1 0.4925986842105263 0.6463815789473685 0.04358552631578947 0.16365131578947367
4 0.6225328947368421 0.4037828947368421 0.0962171052631579 0.11513157894736842
4 0.6817434210526315 0.609375 0.16858552631578946 0.24342105263157895
4 0.4769736842105263 0.34210526315789475 0.047697368421052634 0.08141447368421052
4 0.7796052631578947 0.45394736842105265 0.12746710526315788 0.11924342105263158
2 0.9078947368421053 0.6677631578947368 0.07072368421052631 0.15871710526315788
4 0.48848684210526316 0.45394736842105265 0.09786184210526316 0.13733552631578946
4 0.5263157894736842 0.3157894736842105 0.054276315789473686 0.0756578947368421
4 0.6282894736842105 0.3536184210526316 0.08141447368421052 0.08552631578947369
4 0.42023026315789475 0.34292763157894735 0.04523026315789474 0.07894736842105263
3 0.3248355263157895 0.4375 0.022203947368421052 0.10773026315789473