1 0.4120065789473684 0.5189144736842105 0.03700657894736842 0.11019736842105263
1 0.47368421052631576 0.7146381578947368 0.04851973684210526 0.1513157894736842
4 0.6019736842105263 0.4942434210526316 0.12006578947368421 0.16940789473684212
4 0.8412828947368421 0.6307565789473685 0.21546052631578946 0.2080592105263158
4 0.7771381578947368 0.43914473684210525 0.12828947368421054 0.13240131578947367
4 0.6422697368421053 0.3519736842105263 0.0805921052631579 0.09046052631578948
4 0.48026315789473684 0.28207236842105265 0.04358552631578947 0.07730263157894737
4 0.915296052631579 0.899671052631579 0.1669407894736842 0.1825657894736842
4 0.4876644736842105 0.3495065789473684 0.05592105263157895 0.09539473684210527
4 0.5460526315789473 0.3256578947368421 0.06743421052631579 0.09868421052631579
2 0.7574013157894737 0.618421052631579 0.060032894736842105 0.13157894736842105