1 0.4810855263157895 0.5657894736842105 0.038651315789473686 0.14309210526315788
4 0.11430921052631579 0.537828947368421 0.14802631578947367 0.15460526315789475
4 0.2993421052631579 0.3939144736842105 0.10855263157894737 0.109375
4 0.34868421052631576 0.4868421052631579 0.12582236842105263 0.1455592105263158
4 0.48026315789473684 0.3963815789473684 0.07894736842105263 0.10361842105263158
4 0.555921052631579 0.4868421052631579 0.08634868421052631 0.11924342105263158
4 0.40460526315789475 0.37664473684210525 0.08141447368421052 0.09703947368421052
4 0.5394736842105263 0.3215460526315789 0.046875 0.07401315789473684
4 0.4876644736842105 0.3042763157894737 0.055098684210526314 0.07401315789473684
4 0.09950657894736842 0.8634868421052632 0.1981907894736842 0.2631578947368421
4 0.03536184210526316 0.7516447368421053 0.06743421052631579 0.17434210526315788
4 0.5731907894736842 0.2787828947368421 0.03700657894736842 0.061677631578947366
2 0.2080592105263158 0.5526315789473685 0.0649671052631579 0.12911184210526316