1 0.5863486842105263 0.7401315789473685 0.06661184210526316 0.19901315789473684
4 0.5567434210526315 0.4555921052631579 0.09703947368421052 0.13240131578947367
4 0.7220394736842105 0.48848684210526316 0.14473684210526316 0.15378289473684212
4 0.868421052631579 0.8421052631578947 0.24424342105263158 0.30180921052631576
4 0.7129934210526315 0.39555921052631576 0.11266447368421052 0.10773026315789473
4 0.4925986842105263 0.29194078947368424 0.05345394736842105 0.07976973684210527
4 0.600328947368421 0.3305921052631579 0.06332236842105263 0.06414473684210527
3 0.35526315789473684 0.5888157894736842 0.02631578947368421 0.12417763157894737
3 0.37911184210526316 0.6151315789473685 0.03125 0.13651315789473684
3 0.3067434210526316 0.5304276315789473 0.022203947368421052 0.11019736842105263
3 0.4300986842105263 0.9136513157894737 0.0649671052631579 0.17105263157894737
2 0.49588815789473684 0.4136513157894737 0.032072368421052634 0.07976973684210527