1 0.4407894736842105 0.4810855263157895 0.027960526315789474 0.0962171052631579
4 0.6192434210526315 0.48601973684210525 0.12746710526315788 0.15871710526315788
2 0.9226973684210527 0.6924342105263158 0.07154605263157894 0.15871710526315788
4 0.4300986842105263 0.33963815789473684 0.046875 0.07236842105263158
4 0.7960526315789473 0.46792763157894735 0.12828947368421054 0.12171052631578948
4 0.5748355263157895 0.31661184210526316 0.055098684210526314 0.07483552631578948
4 0.6044407894736842 0.3930921052631579 0.11101973684210527 0.109375
4 0.5337171052631579 0.28207236842105265 0.04111842105263158 0.05263157894736842
2 0.7475328947368421 0.4868421052631579 0.05921052631578947 0.13486842105263158
3 0.4300986842105263 0.9358552631578947 0.07072368421052631 0.109375
3 0.34539473684210525 0.9317434210526315 0.05180921052631579 0.11924342105263158
2 0.7236842105263158 0.4506578947368421 0.04523026315789474 0.1069078947368421
2 0.6792763157894737 0.3988486842105263 0.044407894736842105 0.08552631578947369
2 0.49588815789473684 0.3675986842105263 0.029605263157894735 0.0756578947368421
2 0.5550986842105263 0.40789473684210525 0.03289473684210526 0.08634868421052631
2 0.584703947368421 0.5921052631578947 0.061677631578947366 0.15953947368421054
4 0.8577302631578947 0.40707236842105265 0.2837171052631579 0.29523026315789475