1 0.43914473684210525 0.46792763157894735 0.027138157894736843 0.10444078947368421
4 0.5386513157894737 0.33963815789473684 0.06332236842105263 0.07236842105263158
4 0.4152960526315789 0.31085526315789475 0.046875 0.07976973684210527
4 0.5287828947368421 0.4144736842105263 0.07648026315789473 0.09210526315789473
4 0.665296052631579 0.36101973684210525 0.08799342105263158 0.10279605263157894
4 0.5115131578947368 0.2779605263157895 0.04276315789473684 0.05838815789473684
2 0.7319078947368421 0.4917763157894737 0.04276315789473684 0.1069078947368421
4 0.4432565789473684 0.24917763157894737 0.047697368421052634 0.06990131578947369
2 0.7697368421052632 0.7171052631578947 0.07401315789473684 0.18832236842105263
2 0.8519736842105263 0.5822368421052632 0.060032894736842105 0.12417763157894737
4 0.9613486842105263 0.5797697368421053 0.07648026315789473 0.18667763157894737
2 0.33963815789473684 0.4654605263157895 0.03700657894736842 0.10115131578947369
2 0.6291118421052632 0.4243421052631579 0.03125 0.08470394736842106