1 0.4720394736842105 0.7417763157894737 0.049342105263157895 0.16036184210526316
1 0.5855263157894737 0.4251644736842105 0.027960526315789474 0.08717105263157894
4 0.17845394736842105 0.47286184210526316 0.1513157894736842 0.14720394736842105
4 0.4317434210526316 0.37006578947368424 0.07894736842105263 0.0805921052631579
4 0.07483552631578948 0.7212171052631579 0.14884868421052633 0.3363486842105263
2 0.24588815789473684 0.5929276315789473 0.054276315789473686 0.14720394736842105
2 0.31414473684210525 0.46875 0.05180921052631579 0.10444078947368421
4 0.39144736842105265 0.328125 0.0649671052631579 0.06825657894736842
4 0.4934210526315789 0.3050986842105263 0.046052631578947366 0.06414473684210527
4 0.5797697368421053 0.36430921052631576 0.046875 0.06907894736842106
3 0.6587171052631579 0.602796052631579 0.028782894736842105 0.10608552631578948
3 0.6192434210526315 0.8643092105263158 0.05345394736842105 0.14720394736842105
2 0.09703947368421052 0.5756578947368421 0.0805921052631579 0.10773026315789473
2 0.44161184210526316 0.45476973684210525 0.046875 0.09457236842105263