1 0.4613486842105263 0.5361842105263158 0.04276315789473684 0.13240131578947367
4 0.8807565789473685 0.6175986842105263 0.21299342105263158 0.2689144736842105
4 0.6973684210526315 0.37911184210526316 0.09292763157894737 0.10608552631578948
2 0.765625 0.7162828947368421 0.07154605263157894 0.1669407894736842
4 0.5370065789473685 0.3338815789473684 0.06332236842105263 0.08470394736842106
4 0.5666118421052632 0.3092105263157895 0.055098684210526314 0.05838815789473684
4 0.48355263157894735 0.29194078947368424 0.046875 0.06825657894736842
2 0.540296052631579 0.4720394736842105 0.03536184210526316 0.10773026315789473
4 0.6365131578947368 0.42269736842105265 0.09292763157894737 0.10608552631578948
2 0.9613486842105263 0.8914473684210527 0.07319078947368421 0.19654605263157895
3 0.39226973684210525 0.8240131578947368 0.04523026315789474 0.16365131578947367
3 0.3223684210526316 0.5485197368421053 0.02549342105263158 0.1069078947368421