1 0.5172697368421053 0.46463815789473684 0.03782894736842105 0.11759868421052631
4 0.20148026315789475 0.5616776315789473 0.17927631578947367 0.21463815789473684
4 0.3314144736842105 0.5814144736842105 0.16858552631578946 0.21957236842105263
4 0.5731907894736842 0.4761513157894737 0.10444078947368421 0.12911184210526316
4 0.4605263157894737 0.38651315789473684 0.07319078947368421 0.09786184210526316
4 0.4662828947368421 0.31661184210526316 0.05592105263157895 0.07894736842105263
4 0.4029605263157895 0.3215460526315789 0.07401315789473684 0.07483552631578948
4 0.31661184210526316 0.39226973684210525 0.10608552631578948 0.0962171052631579
4 0.5320723684210527 0.3314144736842105 0.05016447368421053 0.07319078947368421
3 0.647203947368421 0.734375 0.04029605263157895 0.14391447368421054
2 0.14802631578947367 0.4819078947368421 0.061677631578947366 0.11513157894736842
2 0.4613486842105263 0.47944078947368424 0.046875 0.11759868421052631
2 0.4597039473684211 0.5452302631578947 0.049342105263157895 0.125