1 0.6282894736842105 0.9103618421052632 0.08141447368421052 0.17763157894736842
4 0.46875 0.5115131578947368 0.09703947368421052 0.12911184210526316
4 0.9169407894736842 0.5723684210526315 0.16200657894736842 0.171875
4 0.7393092105263158 0.42680921052631576 0.11513157894736842 0.10361842105263158
4 0.5320723684210527 0.3371710526315789 0.05098684210526316 0.06578947368421052
4 0.6167763157894737 0.3355263157894737 0.07319078947368421 0.08470394736842106
4 0.6899671052631579 0.4810855263157895 0.12335526315789473 0.12582236842105263
2 0.5879934210526315 0.49917763157894735 0.044407894736842105 0.13157894736842105
2 0.5863486842105263 0.4654605263157895 0.04194078947368421 0.13980263157894737
3 0.33963815789473684 0.5263157894736842 0.024671052631578948 0.09210526315789473
3 0.33881578947368424 0.3519736842105263 0.014802631578947368 0.05756578947368421