0 0.45394736842105265 0.5600328947368421 0.04029605263157895 0.12417763157894737
4 0.571546052631579 0.4465460526315789 0.11924342105263158 0.16447368421052633
4 0.9013157894736842 0.5320723684210527 0.18421052631578946 0.15871710526315788
4 0.631578947368421 0.4004934210526316 0.08881578947368421 0.10855263157894737
4 0.5361842105263158 0.34539473684210525 0.05921052631578947 0.0962171052631579
4 0.45476973684210525 0.40131578947368424 0.0649671052631579 0.10444078947368421
4 0.5773026315789473 0.6356907894736842 0.13733552631578946 0.2080592105263158
4 0.45805921052631576 0.3157894736842105 0.046052631578947366 0.08881578947368421
4 0.6422697368421053 0.37911184210526316 0.09950657894736842 0.11430921052631579
4 0.6537828947368421 0.3569078947368421 0.09703947368421052 0.09292763157894737
3 0.39555921052631576 0.8963815789473685 0.060032894736842105 0.16282894736842105
2 0.8322368421052632 0.859375 0.09210526315789473 0.19654605263157895
2 0.9169407894736842 0.6751644736842105 0.07648026315789473 0.15378289473684212