1 0.5592105263157895 0.805921052631579 0.05016447368421053 0.171875
4 0.6529605263157895 0.4909539473684211 0.11513157894736842 0.140625
4 0.5049342105263158 0.37335526315789475 0.05838815789473684 0.08141447368421052
4 0.5115131578947368 0.4629934210526316 0.08963815789473684 0.12417763157894737
4 0.8445723684210527 0.6118421052631579 0.18174342105263158 0.21052631578947367
4 0.4350328947368421 0.37335526315789475 0.05592105263157895 0.08141447368421052
4 0.5501644736842105 0.3338815789473684 0.06990131578947369 0.09046052631578948
4 0.4317434210526316 0.3190789473684211 0.04276315789473684 0.06825657894736842
4 0.5016447368421053 0.2845394736842105 0.04851973684210526 0.08388157894736842
4 0.4317434210526316 0.34868421052631576 0.05098684210526316 0.09292763157894737
3 0.36019736842105265 0.9120065789473685 0.06907894736842106 0.15460526315789475