0 0.4449013157894737 0.4506578947368421 0.029605263157894735 0.09457236842105263
4 0.7549342105263158 0.43832236842105265 0.11266447368421052 0.11019736842105263
4 0.6011513157894737 0.3651315789473684 0.08799342105263158 0.11266447368421052
4 0.5197368421052632 0.31414473684210525 0.05180921052631579 0.07154605263157894
4 0.9366776315789473 0.6208881578947368 0.12006578947368421 0.14226973684210525
2 0.6842105263157895 0.600328947368421 0.054276315789473686 0.13733552631578946
4 0.45805921052631576 0.30756578947368424 0.046052631578947366 0.07319078947368421
3 0.3207236842105263 0.5411184210526315 0.02549342105263158 0.08305921052631579
2 0.9037828947368421 0.6151315789473685 0.07401315789473684 0.14309210526315788
2 0.9638157894736842 0.7220394736842105 0.07072368421052631 0.17845394736842105
2 0.5518092105263158 0.44161184210526316 0.04358552631578947 0.10608552631578948