1 0.5427631578947368 0.618421052631579 0.04276315789473684 0.14884868421052633
4 0.4621710526315789 0.3371710526315789 0.06907894736842106 0.09539473684210527
4 0.2845394736842105 0.39555921052631576 0.10444078947368421 0.11430921052631579
4 0.34786184210526316 0.43832236842105265 0.10032894736842106 0.12006578947368421
4 0.2779605263157895 0.6455592105263158 0.17845394736842105 0.21710526315789475
4 0.44901315789473684 0.6200657894736842 0.13322368421052633 0.20559210526315788
4 0.4276315789473684 0.3067434210526316 0.06332236842105263 0.07730263157894737
2 0.10608552631578948 0.615953947368421 0.0625 0.13404605263157895
4 0.5419407894736842 0.31167763157894735 0.046052631578947366 0.0756578947368421
4 0.5912828947368421 0.2779605263157895 0.032072368421052634 0.05838815789473684
4 0.04276315789473684 0.7796052631578947 0.08223684210526316 0.23766447368421054
4 0.03536184210526316 0.6019736842105263 0.06990131578947369 0.15378289473684212
4 0.5024671052631579 0.2944078947368421 0.03618421052631579 0.06332236842105263
2 0.4597039473684211 0.4621710526315789 0.03453947368421053 0.12088815789473684
2 0.3939144736842105 0.48026315789473684 0.046875 0.11019736842105263