1 0.5723684210526315 0.6891447368421053 0.05016447368421053 0.1924342105263158
4 0.680921052631579 0.615953947368421 0.15542763157894737 0.19654605263157895
4 0.5674342105263158 0.43338815789473684 0.08881578947368421 0.1118421052631579
4 0.7261513157894737 0.4934210526315789 0.13157894736842105 0.13240131578947367
4 0.4662828947368421 0.4185855263157895 0.07648026315789473 0.09539473684210527
4 0.9202302631578947 0.7261513157894737 0.15789473684210525 0.31085526315789475
4 0.5254934210526315 0.31167763157894735 0.060032894736842105 0.08963815789473684
4 0.7138157894736842 0.390625 0.109375 0.10361842105263158
4 0.40707236842105265 0.24588815789473684 0.04029605263157895 0.07236842105263158
2 0.6661184210526315 0.7467105263157895 0.06578947368421052 0.17434210526315788
3 0.3651315789473684 0.7952302631578947 0.06085526315789474 0.15542763157894737
3 0.4399671052631579 0.6447368421052632 0.03536184210526316 0.13980263157894737