1 0.5657894736842105 0.9473684210526315 0.06825657894736842 0.10279605263157894
4 0.7870065789473685 0.555921052631579 0.15049342105263158 0.16529605263157895
4 0.5962171052631579 0.5106907894736842 0.11595394736842106 0.13815789473684212
4 0.4432565789473684 0.3067434210526316 0.044407894736842105 0.06907894736842106
4 0.5583881578947368 0.35444078947368424 0.07154605263157894 0.10197368421052631
4 0.9498355263157895 0.6036184210526315 0.09786184210526316 0.20888157894736842
2 0.9087171052631579 0.9243421052631579 0.12911184210526316 0.125
3 0.37088815789473684 0.7927631578947368 0.04851973684210526 0.18174342105263158
3 0.35526315789473684 0.96875 0.05756578947368421 0.06085526315789474
3 0.3462171052631579 0.47286184210526316 0.02055921052631579 0.08881578947368421
2 0.8026315789473685 0.4498355263157895 0.05098684210526316 0.10197368421052631
4 0.640625 0.35855263157894735 0.0805921052631579 0.08470394736842106