1 0.41036184210526316 0.9317434210526315 0.07236842105263158 0.13486842105263158
4 0.4004934210526316 0.6521381578947368 0.16447368421052633 0.21792763157894737
4 0.5501644736842105 0.41118421052631576 0.06332236842105263 0.09457236842105263
4 0.42023026315789475 0.4564144736842105 0.10279605263157894 0.14309210526315788
4 0.10197368421052631 0.8643092105263158 0.203125 0.2590460526315789
4 0.10279605263157894 0.65625 0.20476973684210525 0.2450657894736842
4 0.506578947368421 0.36019736842105265 0.06578947368421052 0.09046052631578948
4 0.48519736842105265 0.31167763157894735 0.04276315789473684 0.06661184210526316
2 0.34868421052631576 0.41036184210526316 0.04358552631578947 0.09457236842105263
2 0.25082236842105265 0.5032894736842105 0.05016447368421053 0.13075657894736842
2 0.23848684210526316 0.625 0.05921052631578947 0.14802631578947367
2 0.3125 0.6069078947368421 0.06414473684210527 0.15460526315789475
2 0.27713815789473684 0.5419407894736842 0.04851973684210526 0.14144736842105263
2 0.3199013157894737 0.46710526315789475 0.046052631578947366 0.10608552631578948
2 0.4761513157894737 0.509046052631579 0.046052631578947366 0.12088815789473684
2 0.31661184210526316 0.40542763157894735 0.039473684210526314 0.09046052631578948