1 0.4399671052631579 0.5921052631578947 0.04276315789473684 0.13733552631578946
4 0.6299342105263158 0.4309210526315789 0.10032894736842106 0.10279605263157894
4 0.8182565789473685 0.8067434210526315 0.20641447368421054 0.34210526315789475
4 0.509046052631579 0.34457236842105265 0.061677631578947366 0.08552631578947369
4 0.8100328947368421 0.48355263157894735 0.13157894736842105 0.13240131578947367
4 0.5600328947368421 0.3190789473684211 0.06332236842105263 0.08470394736842106
4 0.9391447368421053 0.7319078947368421 0.11924342105263158 0.2294407894736842
4 0.49588815789473684 0.27631578947368424 0.039473684210526314 0.06414473684210527
4 0.4449013157894737 0.3001644736842105 0.033717105263157895 0.05674342105263158
2 0.5074013157894737 0.42598684210526316 0.038651315789473686 0.09046052631578948
2 0.45723684210526316 0.3939144736842105 0.03700657894736842 0.07730263157894737