1 0.4876644736842105 0.5978618421052632 0.05263157894736842 0.15378289473684212
4 0.6258223684210527 0.34786184210526316 0.06990131578947369 0.08963815789473684
4 0.8634868421052632 0.8363486842105263 0.2582236842105263 0.31661184210526316
4 0.8980263157894737 0.540296052631579 0.18585526315789475 0.19654605263157895
4 0.5049342105263158 0.3050986842105263 0.04358552631578947 0.06990131578947369
2 0.6842105263157895 0.49588815789473684 0.04276315789473684 0.109375
2 0.774671052631579 0.6225328947368421 0.05756578947368421 0.13157894736842105
2 0.8330592105263158 0.5789473684210527 0.05592105263157895 0.13404605263157895
4 0.42598684210526316 0.27713815789473684 0.03289473684210526 0.05592105263157895
4 0.44819078947368424 0.2450657894736842 0.04029605263157895 0.055098684210526314
3 0.3363486842105263 0.43832236842105265 0.02055921052631579 0.08305921052631579
3 0.3059210526315789 0.540296052631579 0.02138157894736842 0.09457236842105263
3 0.3207236842105263 0.3404605263157895 0.011513157894736841 0.06661184210526316
2 0.555921052631579 0.4243421052631579 0.03782894736842105 0.10115131578947369