1 0.40625 0.4925986842105263 0.03782894736842105 0.10115131578947369
4 0.6134868421052632 0.5271381578947368 0.1356907894736842 0.17269736842105263
4 0.9333881578947368 0.5682565789473685 0.12828947368421054 0.16365131578947367
4 0.6875 0.45805921052631576 0.1299342105263158 0.14638157894736842
4 0.4662828947368421 0.3371710526315789 0.044407894736842105 0.07319078947368421
4 0.5370065789473685 0.3347039473684211 0.054276315789473686 0.07401315789473684
4 0.5279605263157895 0.3930921052631579 0.07154605263157894 0.10608552631578948
4 0.9087171052631579 0.9021381578947368 0.17845394736842105 0.18092105263157895
4 0.5962171052631579 0.31332236842105265 0.06990131578947369 0.08881578947368421
4 0.9481907894736842 0.7442434210526315 0.10032894736842106 0.24259868421052633
4 0.4432565789473684 0.2878289473684211 0.03700657894736842 0.07401315789473684
4 0.4934210526315789 0.3059210526315789 0.04111842105263158 0.05838815789473684
3 0.3569078947368421 0.6398026315789473 0.029605263157894735 0.13733552631578946
3 0.38898026315789475 0.946546052631579 0.05592105263157895 0.08552631578947369
2 0.7072368421052632 0.3972039473684211 0.10361842105263158 0.0962171052631579