1 0.5024671052631579 0.7804276315789473 0.05592105263157895 0.17434210526315788
4 0.18585526315789475 0.703125 0.23026315789473684 0.30098684210526316
4 0.11101973684210527 0.5353618421052632 0.16447368421052633 0.18009868421052633
4 0.42105263157894735 0.46875 0.10361842105263158 0.12582236842105263
4 0.23355263157894737 0.522203947368421 0.15049342105263158 0.17434210526315788
4 0.38898026315789475 0.38980263157894735 0.09375 0.10115131578947369
4 0.5723684210526315 0.3782894736842105 0.055098684210526314 0.0805921052631579
4 0.3067434210526316 0.38980263157894735 0.08223684210526316 0.09210526315789473
4 0.49506578947368424 0.32319078947368424 0.05098684210526316 0.08470394736842106
3 0.6513157894736842 0.6768092105263158 0.03700657894736842 0.140625
3 0.6924342105263158 0.6842105263157895 0.033717105263157895 0.171875
2 0.4769736842105263 0.48601973684210525 0.039473684210526314 0.10279605263157894
2 0.42351973684210525 0.5756578947368421 0.05921052631578947 0.15871710526315788