1 0.4037828947368421 0.37582236842105265 0.03125 0.07894736842105263
4 0.7779605263157895 0.5657894736842105 0.15871710526315788 0.16529605263157895
4 0.6825657894736842 0.7023026315789473 0.18585526315789475 0.25082236842105265
4 0.6233552631578947 0.34210526315789475 0.07319078947368421 0.07894736842105263
4 0.5139802631578947 0.31085526315789475 0.04851973684210526 0.06825657894736842
4 0.515625 0.3996710526315789 0.08141447368421052 0.10032894736842106
4 0.4506578947368421 0.31167763157894735 0.04276315789473684 0.06578947368421052
4 0.5912828947368421 0.3873355263157895 0.08223684210526316 0.08552631578947369
2 0.9078947368421053 0.834703947368421 0.09375 0.1924342105263158
4 0.5411184210526315 0.28042763157894735 0.04523026315789474 0.05838815789473684
4 0.4251644736842105 0.2754934210526316 0.03618421052631579 0.05674342105263158
3 0.3495065789473684 0.5879934210526315 0.032072368421052634 0.1069078947368421