0 0.4745065789473684 0.8626644736842105 0.05756578947368421 0.18914473684210525
4 0.4309210526315789 0.34868421052631576 0.08141447368421052 0.10444078947368421
4 0.21546052631578946 0.5205592105263158 0.16940789473684212 0.21628289473684212
4 0.3363486842105263 0.5633223684210527 0.18009868421052633 0.2557565789473684
4 0.5082236842105263 0.3996710526315789 0.078125 0.09786184210526316
4 0.39226973684210525 0.3215460526315789 0.06825657894736842 0.078125
4 0.49506578947368424 0.3059210526315789 0.049342105263157895 0.07319078947368421
4 0.07401315789473684 0.8445723684210527 0.14638157894736842 0.26151315789473684
4 0.14391447368421054 0.37582236842105265 0.26726973684210525 0.234375
3 0.6019736842105263 0.899671052631579 0.049342105263157895 0.14884868421052633
2 0.5337171052631579 0.31414473684210525 0.027960526315789474 0.061677631578947366