1 0.7516447368421053 0.8758223684210527 0.07730263157894737 0.1825657894736842
1 0.4506578947368421 0.5592105263157895 0.04358552631578947 0.15296052631578946
4 0.44243421052631576 0.40542763157894735 0.06332236842105263 0.10279605263157894
4 0.4819078947368421 0.3470394736842105 0.05756578947368421 0.078125
4 0.9103618421052632 0.7532894736842105 0.17845394736842105 0.33963815789473684
4 0.7425986842105263 0.39555921052631576 0.12828947368421054 0.13651315789473684
4 0.6085526315789473 0.38980263157894735 0.08881578947368421 0.08552631578947369
4 0.5082236842105263 0.31414473684210525 0.04851973684210526 0.06743421052631579
2 0.7730263157894737 0.553453947368421 0.060032894736842105 0.12335526315789473
4 0.5452302631578947 0.2886513157894737 0.04358552631578947 0.05592105263157895
4 0.6110197368421053 0.33305921052631576 0.07894736842105263 0.07730263157894737
4 0.4654605263157895 0.28207236842105265 0.039473684210526314 0.06907894736842106
2 0.8429276315789473 0.7648026315789473 0.08388157894736842 0.17763157894736842
2 0.9259868421052632 0.9095394736842105 0.10444078947368421 0.18009868421052633
2 0.71875 0.7088815789473685 0.09868421052631579 0.17845394736842105
2 0.9144736842105263 0.5493421052631579 0.0649671052631579 0.13157894736842105
2 0.6644736842105263 0.47368421052631576 0.05180921052631579 0.109375
2 0.5838815789473685 0.47039473684210525 0.055098684210526314 0.10279605263157894