1 0.4662828947368421 0.5814144736842105 0.03536184210526316 0.12335526315789473
1 0.4317434210526316 0.4588815789473684 0.03289473684210526 0.0912828947368421
4 0.587171052631579 0.5032894736842105 0.11101973684210527 0.13486842105263158
4 0.8717105263157895 0.6356907894736842 0.18585526315789475 0.20476973684210525
4 0.6677631578947368 0.3684210526315789 0.08717105263157894 0.0912828947368421
2 0.7689144736842105 0.46875 0.04276315789473684 0.09868421052631579
2 0.6932565789473685 0.4777960526315789 0.04276315789473684 0.10855263157894737
4 0.5970394736842105 0.38980263157894735 0.07894736842105263 0.08963815789473684
4 0.40789473684210525 0.31332236842105265 0.03618421052631579 0.05180921052631579
3 0.4144736842105263 0.7763157894736842 0.049342105263157895 0.16365131578947367
3 0.32648026315789475 0.5731907894736842 0.028782894736842105 0.11430921052631579
3 0.3199013157894737 0.45805921052631576 0.019736842105263157 0.09292763157894737
2 0.9481907894736842 0.5929276315789473 0.06332236842105263 0.15378289473684212