1 0.5082236842105263 0.5830592105263158 0.04358552631578947 0.13733552631578946
1 0.5485197368421053 0.6208881578947368 0.046875 0.14884868421052633
4 0.43832236842105265 0.46710526315789475 0.09950657894736842 0.11759868421052631
4 0.5172697368421053 0.34868421052631576 0.05674342105263158 0.0805921052631579
4 0.05263157894736842 0.7828947368421053 0.10115131578947369 0.21628289473684212
4 0.31332236842105265 0.4761513157894737 0.11595394736842106 0.12828947368421054
4 0.4342105263157895 0.36101973684210525 0.06907894736842106 0.08717105263157894
4 0.30838815789473684 0.3939144736842105 0.09046052631578948 0.0962171052631579
2 0.19983552631578946 0.5024671052631579 0.044407894736842105 0.10115131578947369
4 0.4876644736842105 0.3125 0.047697368421052634 0.06332236842105263
4 0.569078947368421 0.2894736842105263 0.03782894736842105 0.06578947368421052
4 0.4407894736842105 0.30180921052631576 0.05345394736842105 0.06907894736842106
3 0.6595394736842105 0.4909539473684211 0.023848684210526317 0.10279605263157894
3 0.6957236842105263 0.48930921052631576 0.018914473684210526 0.10032894736842106
3 0.6907894736842105 0.680921052631579 0.033717105263157895 0.14226973684210525
2 0.07483552631578948 0.5583881578947368 0.06332236842105263 0.1356907894736842
2 0.4621710526315789 0.5452302631578947 0.04851973684210526 0.12335526315789473
2 0.3338815789473684 0.5789473684210527 0.05592105263157895 0.13733552631578946
2 0.17763157894736842 0.7294407894736842 0.07894736842105263 0.18092105263157895
2 0.328125 0.75 0.07072368421052631 0.1825657894736842
2 0.14884868421052633 0.9013157894736842 0.10115131578947369 0.19078947368421054