1 0.5394736842105263 0.6398026315789473 0.03700657894736842 0.12417763157894737
1 0.5304276315789473 0.5509868421052632 0.03782894736842105 0.11924342105263158
4 0.34292763157894735 0.5748355263157895 0.14967105263157895 0.17105263157894737
4 0.4662828947368421 0.4095394736842105 0.10032894736842106 0.12088815789473684
4 0.31743421052631576 0.44901315789473684 0.12746710526315788 0.1611842105263158
2 0.15871710526315788 0.7516447368421053 0.07072368421052631 0.15707236842105263
4 0.07401315789473684 0.45230263157894735 0.13404605263157895 0.16282894736842105
4 0.26480263157894735 0.421875 0.10197368421052631 0.11019736842105263
4 0.5279605263157895 0.33963815789473684 0.060032894736842105 0.09539473684210527
4 0.4819078947368421 0.3034539473684211 0.05674342105263158 0.07319078947368421
4 0.39473684210526316 0.34292763157894735 0.078125 0.08305921052631579
4 0.02138157894736842 0.6208881578947368 0.04194078947368421 0.14391447368421054
4 0.03618421052631579 0.4761513157894737 0.06990131578947369 0.12335526315789473
2 0.37006578947368424 0.39144736842105265 0.033717105263157895 0.0756578947368421
2 0.42269736842105265 0.3511513157894737 0.023848684210526317 0.06661184210526316