1 0.5855263157894737 0.37088815789473684 0.02055921052631579 0.06578947368421052
1 0.615953947368421 0.3256578947368421 0.019736842105263157 0.06332236842105263
4 0.2730263157894737 0.5024671052631579 0.12746710526315788 0.13733552631578946
4 0.4498355263157895 0.43256578947368424 0.08470394736842106 0.10444078947368421
4 0.4613486842105263 0.33305921052631576 0.06085526315789474 0.07401315789473684
4 0.32401315789473684 0.3659539473684211 0.10279605263157894 0.10855263157894737
2 0.31085526315789475 0.6439144736842105 0.07236842105263158 0.16282894736842105
3 0.65625 0.6044407894736842 0.027960526315789474 0.1069078947368421
3 0.6356907894736842 0.7771381578947368 0.04523026315789474 0.13240131578947367
3 0.6973684210526315 0.5986842105263158 0.022203947368421052 0.10115131578947369
2 0.14638157894736842 0.5016447368421053 0.05345394736842105 0.10773026315789473
2 0.3873355263157895 0.40131578947368424 0.039473684210526314 0.0805921052631579