1 0.5567434210526315 0.759046052631579 0.055098684210526314 0.18421052631578946
4 0.6513157894736842 0.4136513157894737 0.1225328947368421 0.14391447368421054
4 0.928453947368421 0.7680921052631579 0.13980263157894737 0.2590460526315789
4 0.7335526315789473 0.4037828947368421 0.08717105263157894 0.11348684210526316
4 0.546875 0.4317434210526316 0.08223684210526316 0.10608552631578948
2 0.8922697368421053 0.5945723684210527 0.0649671052631579 0.11430921052631579
2 0.7006578947368421 0.6735197368421053 0.0649671052631579 0.18338815789473684
2 0.790296052631579 0.5271381578947368 0.054276315789473686 0.11513157894736842
4 0.5756578947368421 0.31085526315789475 0.060032894736842105 0.0625
3 0.32319078947368424 0.6011513157894737 0.03453947368421053 0.11842105263157894
3 0.35855263157894735 0.884046052631579 0.06743421052631579 0.17434210526315788