0 0.53125 0.75 0.0625 0.17845394736842105
4 0.6726973684210527 0.6299342105263158 0.15953947368421054 0.24917763157894737
4 0.9013157894736842 0.6998355263157895 0.19572368421052633 0.27631578947368424
4 0.6143092105263158 0.39226973684210525 0.10279605263157894 0.125
4 0.5148026315789473 0.33881578947368424 0.05592105263157895 0.06332236842105263
4 0.5189144736842105 0.2722039473684211 0.04194078947368421 0.061677631578947366
4 0.4621710526315789 0.2713815789473684 0.03289473684210526 0.05592105263157895
3 0.3503289473684211 0.7598684210526315 0.05838815789473684 0.14802631578947367
2 0.7384868421052632 0.4095394736842105 0.054276315789473686 0.0912828947368421
2 0.662828947368421 0.3881578947368421 0.03618421052631579 0.08388157894736842
2 0.5041118421052632 0.40460526315789475 0.03700657894736842 0.08963815789473684