1 0.5139802631578947 0.8363486842105263 0.061677631578947366 0.1875
4 0.8717105263157895 0.6439144736842105 0.18832236842105263 0.2138157894736842
4 0.7483552631578947 0.42105263157894735 0.12746710526315788 0.13486842105263158
4 0.859375 0.8199013157894737 0.22861842105263158 0.31743421052631576
4 0.615953947368421 0.49506578947368424 0.14720394736842105 0.16365131578947367
4 0.5 0.3667763157894737 0.060032894736842105 0.09292763157894737
4 0.5230263157894737 0.3149671052631579 0.05180921052631579 0.09292763157894737
4 0.48355263157894735 0.29194078947368424 0.04029605263157895 0.07319078947368421
4 0.6217105263157895 0.3824013157894737 0.09292763157894737 0.12171052631578948
2 0.5131578947368421 0.5172697368421053 0.039473684210526314 0.12088815789473684
2 0.6266447368421053 0.6266447368421053 0.047697368421052634 0.15378289473684212