1 0.47286184210526316 0.6546052631578947 0.04358552631578947 0.17598684210526316
4 0.43256578947368424 0.31085526315789475 0.060032894736842105 0.0756578947368421
4 0.27960526315789475 0.4087171052631579 0.10855263157894737 0.10608552631578948
4 0.38980263157894735 0.3939144736842105 0.09210526315789473 0.11266447368421052
4 0.53125 0.4136513157894737 0.06578947368421052 0.0962171052631579
2 0.23108552631578946 0.537828947368421 0.05345394736842105 0.11759868421052631
4 0.5189144736842105 0.3190789473684211 0.05098684210526316 0.0756578947368421
4 0.5904605263157895 0.3050986842105263 0.039473684210526314 0.06907894736842106
2 0.06907894736842106 0.6554276315789473 0.06825657894736842 0.140625
4 0.5139802631578947 0.32976973684210525 0.044407894736842105 0.06332236842105263
4 0.5863486842105263 0.2886513157894737 0.046875 0.08141447368421052
3 0.6422697368421053 0.9004934210526315 0.054276315789473686 0.171875
2 0.49835526315789475 0.4967105263157895 0.04851973684210526 0.12417763157894737
2 0.3782894736842105 0.48355263157894735 0.04194078947368421 0.09703947368421052
1 0.044407894736842105 0.7763157894736842 0.07648026315789473 0.18009868421052633
2 0.12828947368421054 0.5476973684210527 0.07483552631578948 0.12828947368421054