1 0.4342105263157895 0.9473684210526315 0.06825657894736842 0.10279605263157894
4 0.21299342105263158 0.555921052631579 0.15049342105263158 0.16529605263157895
4 0.4037828947368421 0.5106907894736842 0.11595394736842106 0.13815789473684212
4 0.5567434210526315 0.3067434210526316 0.044407894736842105 0.06907894736842106
4 0.44161184210526316 0.35444078947368424 0.07154605263157894 0.10197368421052631
4 0.05016447368421053 0.6036184210526315 0.09786184210526316 0.20888157894736842
2 0.0912828947368421 0.9243421052631579 0.12911184210526316 0.125
3 0.6291118421052632 0.7927631578947368 0.04851973684210526 0.18174342105263158
3 0.6447368421052632 0.96875 0.05756578947368421 0.06085526315789474
3 0.6537828947368421 0.47286184210526316 0.02055921052631579 0.08881578947368421
2 0.19736842105263158 0.4498355263157895 0.05098684210526316 0.10197368421052631
4 0.359375 0.35855263157894735 0.0805921052631579 0.08470394736842106