1 0.3939144736842105 0.42269736842105265 0.022203947368421052 0.08881578947368421
4 0.48026315789473684 0.47286184210526316 0.08388157894736842 0.11430921052631579
4 0.631578947368421 0.5172697368421053 0.13157894736842105 0.16365131578947367
4 0.5205592105263158 0.3873355263157895 0.0805921052631579 0.1118421052631579
4 0.71875 0.8322368421052632 0.26151315789473684 0.3223684210526316
4 0.5345394736842105 0.31743421052631576 0.049342105263157895 0.07976973684210527
4 0.4654605263157895 0.3157894736842105 0.04111842105263158 0.09210526315789473
4 0.5756578947368421 0.30838815789473684 0.05838815789473684 0.06825657894736842
4 0.5394736842105263 0.3314144736842105 0.054276315789473686 0.07401315789473684
2 0.8733552631578947 0.5995065789473685 0.05345394736842105 0.14884868421052633
2 0.7212171052631579 0.4720394736842105 0.04276315789473684 0.09786184210526316
2 0.9120065789473685 0.8042763157894737 0.07976973684210527 0.18585526315789475
2 0.8429276315789473 0.803453947368421 0.09046052631578948 0.23108552631578946
2 0.8421052631578947 0.6570723684210527 0.06743421052631579 0.16529605263157895
2 0.7837171052631579 0.5592105263157895 0.06825657894736842 0.14391447368421054
2 0.7828947368421053 0.46957236842105265 0.054276315789473686 0.11842105263157894
2 0.7491776315789473 0.4144736842105263 0.05592105263157895 0.09457236842105263
2 0.6480263157894737 0.42105263157894735 0.04851973684210526 0.0962171052631579
2 0.5896381578947368 0.5929276315789473 0.054276315789473686 0.14391447368421054
2 0.6118421052631579 0.38898026315789475 0.03700657894736842 0.09292763157894737