1 0.4375 0.555921052631579 0.039473684210526314 0.13240131578947367
0 0.41776315789473684 0.47286184210526316 0.03700657894736842 0.09703947368421052
4 0.6389802631578947 0.5666118421052632 0.13486842105263158 0.16282894736842105
4 0.8067434210526315 0.5797697368421053 0.19078947368421054 0.2080592105263158
4 0.5353618421052632 0.3347039473684211 0.0625 0.07319078947368421
4 0.5057565789473685 0.3824013157894737 0.07401315789473684 0.10197368421052631
4 0.5995065789473685 0.3190789473684211 0.0649671052631579 0.078125
4 0.46792763157894735 0.31332236842105265 0.049342105263157895 0.09210526315789473
2 0.6800986842105263 0.4251644736842105 0.04029605263157895 0.09868421052631579
4 0.90625 0.5452302631578947 0.1669407894736842 0.1768092105263158
4 0.46792763157894735 0.2911184210526316 0.044407894736842105 0.08881578947368421