1 0.5616776315789473 0.48355263157894735 0.03782894736842105 0.11759868421052631
1 0.6036184210526315 0.4555921052631579 0.028782894736842105 0.10444078947368421
4 0.48848684210526316 0.40131578947368424 0.07072368421052631 0.08552631578947369
4 0.4629934210526316 0.3215460526315789 0.061677631578947366 0.07401315789473684
4 0.16282894736842105 0.7730263157894737 0.30098684210526316 0.4407894736842105
4 0.39226973684210525 0.3930921052631579 0.08634868421052631 0.0912828947368421
4 0.3569078947368421 0.3527960526315789 0.06332236842105263 0.07894736842105263
4 0.515625 0.2911184210526316 0.04111842105263158 0.06332236842105263
4 0.5756578947368421 0.28618421052631576 0.03700657894736842 0.05756578947368421
2 0.25411184210526316 0.5041118421052632 0.04851973684210526 0.11019736842105263
2 0.28289473684210525 0.4309210526315789 0.03700657894736842 0.06990131578947369
3 0.649671052631579 0.6011513157894737 0.028782894736842105 0.10608552631578948
3 0.6842105263157895 0.5953947368421053 0.02549342105263158 0.10444078947368421
4 0.14638157894736842 0.49506578947368424 0.14638157894736842 0.13733552631578946