0 0.41118421052631576 0.5189144736842105 0.028782894736842105 0.11019736842105263
4 0.5699013157894737 0.45476973684210525 0.11842105263157894 0.16940789473684212
4 0.7985197368421053 0.7203947368421053 0.2557565789473684 0.30098684210526316
4 0.6373355263157895 0.41036184210526316 0.10444078947368421 0.11430921052631579
4 0.5756578947368421 0.2524671052631579 0.05921052631578947 0.08963815789473684
4 0.9671052631578947 0.6217105263157895 0.06332236842105263 0.1299342105263158
4 0.5 0.29851973684210525 0.05345394736842105 0.06825657894736842
4 0.43667763157894735 0.3503289473684211 0.05921052631578947 0.07401315789473684
4 0.6332236842105263 0.37335526315789475 0.1069078947368421 0.12664473684210525
3 0.375 0.7960526315789473 0.04111842105263158 0.1455592105263158
3 0.3495065789473684 0.8050986842105263 0.046052631578947366 0.1513157894736842