0 0.6422697368421053 0.9268092105263158 0.08470394736842106 0.1455592105263158
4 0.6069078947368421 0.47368421052631576 0.13404605263157895 0.19325657894736842
4 0.9046052631578947 0.6398026315789473 0.18503289473684212 0.30838815789473684
4 0.6636513157894737 0.4292763157894737 0.09950657894736842 0.1299342105263158
4 0.4613486842105263 0.31332236842105265 0.044407894736842105 0.078125
2 0.7458881578947368 0.7804276315789473 0.07894736842105263 0.2138157894736842
4 0.5427631578947368 0.33223684210526316 0.05592105263157895 0.0756578947368421
4 0.48601973684210525 0.2787828947368421 0.03782894736842105 0.06578947368421052
4 0.5435855263157895 0.3347039473684211 0.0649671052631579 0.07236842105263158
2 0.7787828947368421 0.46957236842105265 0.04276315789473684 0.09539473684210527
4 0.33881578947368424 0.3067434210526316 0.049342105263157895 0.0805921052631579
4 0.5600328947368421 0.3001644736842105 0.05098684210526316 0.07483552631578948
2 0.703125 0.38651315789473684 0.03700657894736842 0.07483552631578948