1 0.4868421052631579 0.6735197368421053 0.05592105263157895 0.16282894736842105
4 0.4432565789473684 0.5296052631578947 0.11430921052631579 0.13980263157894737
4 0.44819078947368424 0.4128289473684211 0.08223684210526316 0.09868421052631579
4 0.1669407894736842 0.6085526315789473 0.19161184210526316 0.24588815789473684
4 0.2730263157894737 0.4185855263157895 0.11019736842105263 0.11513157894736842
4 0.5550986842105263 0.3149671052631579 0.04276315789473684 0.06661184210526316
2 0.3519736842105263 0.4375 0.04029605263157895 0.09786184210526316
4 0.0649671052631579 0.59375 0.12828947368421054 0.22039473684210525
4 0.4662828947368421 0.2902960526315789 0.04523026315789474 0.05180921052631579
4 0.5296052631578947 0.2730263157894737 0.03782894736842105 0.06332236842105263
4 0.5764802631578947 0.2878289473684211 0.04029605263157895 0.06414473684210527
3 0.6768092105263158 0.4449013157894737 0.02055921052631579 0.08717105263157894
3 0.6735197368421053 0.5205592105263158 0.023026315789473683 0.09703947368421052
3 0.6389802631578947 0.5838815789473685 0.03453947368421053 0.109375