1 0.5082236842105263 0.6685855263157895 0.05016447368421053 0.14884868421052633
4 0.24013157894736842 0.712171052631579 0.19325657894736842 0.24671052631578946
4 0.2713815789473684 0.4925986842105263 0.14144736842105263 0.16611842105263158
4 0.5057565789473685 0.3717105263157895 0.06661184210526316 0.08552631578947369
4 0.4194078947368421 0.37335526315789475 0.07648026315789473 0.08881578947368421
4 0.4868421052631579 0.2845394736842105 0.06085526315789474 0.11019736842105263
4 0.5731907894736842 0.3042763157894737 0.04111842105263158 0.06661184210526316
4 0.2680921052631579 0.4144736842105263 0.11677631578947369 0.10361842105263158
3 0.5888157894736842 0.852796052631579 0.04276315789473684 0.17598684210526316
3 0.6381578947368421 0.7927631578947368 0.04851973684210526 0.14309210526315788
2 0.4152960526315789 0.4564144736842105 0.039473684210526314 0.10773026315789473
2 0.42351973684210525 0.5115131578947368 0.03782894736842105 0.10361842105263158