1 0.6069078947368421 0.9054276315789473 0.07730263157894737 0.1875
1 0.5139802631578947 0.6677631578947368 0.05756578947368421 0.17763157894736842
4 0.584703947368421 0.46792763157894735 0.11348684210526316 0.13651315789473684
4 0.4629934210526316 0.4292763157894737 0.07154605263157894 0.09703947368421052
4 0.796875 0.7952302631578947 0.22615131578947367 0.3692434210526316
4 0.7203947368421053 0.40460526315789475 0.09868421052631579 0.0962171052631579
4 0.5995065789473685 0.3815789473684211 0.08799342105263158 0.10197368421052631
2 0.7672697368421053 0.49588815789473684 0.049342105263157895 0.12088815789473684
4 0.5197368421052632 0.30838815789473684 0.046052631578947366 0.08141447368421052
4 0.5707236842105263 0.3059210526315789 0.054276315789473686 0.06332236842105263
4 0.944078947368421 0.7417763157894737 0.11101973684210527 0.3338815789473684
4 0.515625 0.29194078947368424 0.04358552631578947 0.078125
3 0.3371710526315789 0.6069078947368421 0.033717105263157895 0.11348684210526316