1 0.5394736842105263 0.5287828947368421 0.04523026315789474 0.12088815789473684
4 0.26726973684210525 0.7088815789473685 0.18996710526315788 0.26069078947368424
4 0.40625 0.4901315789473684 0.11759868421052631 0.15213815789473684
4 0.2138157894736842 0.5287828947368421 0.19161184210526316 0.2689144736842105
4 0.34539473684210525 0.4120065789473684 0.10197368421052631 0.16858552631578946
4 0.5287828947368421 0.43667763157894735 0.07648026315789473 0.11430921052631579
4 0.5082236842105263 0.37335526315789475 0.05674342105263158 0.11430921052631579
4 0.5542763157894737 0.3067434210526316 0.047697368421052634 0.06743421052631579
4 0.039473684210526314 0.6282894736842105 0.07648026315789473 0.16447368421052633
4 0.18338815789473684 0.5641447368421053 0.13815789473684212 0.18585526315789475
2 0.09703947368421052 0.5855263157894737 0.05674342105263158 0.13240131578947367