1 0.5008223684210527 0.5592105263157895 0.047697368421052634 0.14638157894736842
4 0.4152960526315789 0.4909539473684211 0.10444078947368421 0.12664473684210525
4 0.26398026315789475 0.5123355263157895 0.14720394736842105 0.16858552631578946
4 0.3774671052631579 0.39555921052631576 0.08799342105263158 0.09703947368421052
4 0.5682565789473685 0.37088815789473684 0.055098684210526314 0.07319078947368421
4 0.4786184210526316 0.3832236842105263 0.06661184210526316 0.07976973684210527
4 0.5057565789473685 0.28536184210526316 0.04276315789473684 0.07483552631578948
4 0.37911184210526316 0.3338815789473684 0.07483552631578948 0.07483552631578948
2 0.2450657894736842 0.6735197368421053 0.07072368421052631 0.16282894736842105
4 0.05345394736842105 0.6381578947368421 0.07236842105263158 0.13157894736842105
2 0.47944078947368424 0.5032894736842105 0.04029605263157895 0.12828947368421054
3 0.618421052631579 0.8634868421052632 0.06990131578947369 0.1825657894736842
3 0.537828947368421 0.7064144736842105 0.04851973684210526 0.15789473684210525