1 0.40625 0.43585526315789475 0.03125 0.10608552631578948
4 0.709703947368421 0.4761513157894737 0.14226973684210525 0.15542763157894737
4 0.553453947368421 0.3462171052631579 0.07072368421052631 0.0962171052631579
4 0.6299342105263158 0.34539473684210525 0.08881578947368421 0.0912828947368421
4 0.8355263157894737 0.4810855263157895 0.13898026315789475 0.15871710526315788
2 0.772203947368421 0.8700657894736842 0.08717105263157894 0.23766447368421054
4 0.6143092105263158 0.5164473684210527 0.12828947368421054 0.16529605263157895
4 0.6850328947368421 0.3026315789473684 0.1669407894736842 0.14638157894736842
2 0.8725328947368421 0.6776315789473685 0.08799342105263158 0.17845394736842105
2 0.9703947368421053 0.6981907894736842 0.05345394736842105 0.14884868421052633
2 0.8305921052631579 0.7023026315789473 0.06907894736842106 0.16940789473684212