1 0.41776315789473684 0.4629934210526316 0.02549342105263158 0.0912828947368421
4 0.7212171052631579 0.6817434210526315 0.16365131578947367 0.22286184210526316
4 0.6776315789473685 0.4498355263157895 0.1225328947368421 0.14226973684210525
4 0.6258223684210527 0.3412828947368421 0.07236842105263158 0.08634868421052631
4 0.9259868421052632 0.5789473684210527 0.13980263157894737 0.18092105263157895
4 0.5444078947368421 0.33963815789473684 0.05592105263157895 0.0756578947368421
2 0.5995065789473685 0.5016447368421053 0.04276315789473684 0.12006578947368421
4 0.47039473684210525 0.27631578947368424 0.039473684210526314 0.05921052631578947
4 0.962171052631579 0.7598684210526315 0.07401315789473684 0.22615131578947367
4 0.45148026315789475 0.3215460526315789 0.04194078947368421 0.0625
2 0.5444078947368421 0.4506578947368421 0.04029605263157895 0.10032894736842106