1 0.5016447368421053 0.615953947368421 0.054276315789473686 0.14638157894736842
4 0.6578947368421053 0.4350328947368421 0.10361842105263158 0.11842105263157894
4 0.8421052631578947 0.46463815789473684 0.16776315789473684 0.18338815789473684
4 0.4588815789473684 0.43256578947368424 0.07072368421052631 0.09292763157894737
4 0.5361842105263158 0.3355263157894737 0.054276315789473686 0.06578947368421052
4 0.665296052631579 0.36101973684210525 0.08634868421052631 0.07976973684210527
4 0.5707236842105263 0.3034539473684211 0.05345394736842105 0.0625
2 0.928453947368421 0.694078947368421 0.07648026315789473 0.17763157894736842
4 0.509046052631579 0.37993421052631576 0.06578947368421052 0.09046052631578948
2 0.7582236842105263 0.5674342105263158 0.05756578947368421 0.125
4 0.4777960526315789 0.29276315789473684 0.044407894736842105 0.06661184210526316
2 0.6850328947368421 0.5773026315789473 0.060032894736842105 0.13980263157894737
2 0.8610197368421053 0.8569078947368421 0.1225328947368421 0.19490131578947367