1 0.5666118421052632 0.5526315789473685 0.04029605263157895 0.109375
4 0.23108552631578946 0.4342105263157895 0.12664473684210525 0.13157894736842105
4 0.3199013157894737 0.8396381578947368 0.22203947368421054 0.29523026315789475
4 0.5526315789473685 0.3569078947368421 0.06332236842105263 0.08881578947368421
4 0.15296052631578946 0.7993421052631579 0.2393092105263158 0.32976973684210525
4 0.4399671052631579 0.3462171052631579 0.060032894736842105 0.0962171052631579
4 0.540296052631579 0.44819078947368424 0.07730263157894737 0.11430921052631579
4 0.46463815789473684 0.39473684210526316 0.06743421052631579 0.08552631578947369
4 0.3470394736842105 0.4243421052631579 0.109375 0.13404605263157895
2 0.09950657894736842 0.6274671052631579 0.07894736842105263 0.13404605263157895
2 0.4087171052631579 0.569078947368421 0.04358552631578947 0.15789473684210525
2 0.24588815789473684 0.5707236842105263 0.060032894736842105 0.13157894736842105
2 0.3667763157894737 0.5082236842105263 0.054276315789473686 0.1069078947368421
2 0.06743421052631579 0.7138157894736842 0.08470394736842106 0.1875