1 0.4777960526315789 0.6299342105263158 0.054276315789473686 0.1455592105263158
4 0.4120065789473684 0.4087171052631579 0.06332236842105263 0.08634868421052631
4 0.4465460526315789 0.3125 0.04111842105263158 0.06332236842105263
4 0.6282894736842105 0.3939144736842105 0.09292763157894737 0.12582236842105263
4 0.7672697368421053 0.42023026315789475 0.13733552631578946 0.1611842105263158
4 0.5131578947368421 0.3199013157894737 0.04851973684210526 0.06661184210526316
4 0.5164473684210527 0.390625 0.07483552631578948 0.10279605263157894
2 0.9054276315789473 0.662828947368421 0.07154605263157894 0.14967105263157895
3 0.35444078947368424 0.506578947368421 0.024671052631578948 0.10197368421052631
3 0.31743421052631576 0.6595394736842105 0.03125 0.13733552631578946
3 0.3988486842105263 0.7689144736842105 0.038651315789473686 0.15953947368421054
3 0.33305921052631576 0.4350328947368421 0.022203947368421052 0.07401315789473684