1 0.4407894736842105 0.4440789473684211 0.022203947368421052 0.09210526315789473
1 0.4407894736842105 0.5435855263157895 0.03289473684210526 0.12088815789473684
1 0.5148026315789473 0.39555921052631576 0.027138157894736843 0.08388157894736842
4 0.5657894736842105 0.524671052631579 0.10773026315789473 0.14884868421052633
4 0.5164473684210527 0.3157894736842105 0.05345394736842105 0.07976973684210527
4 0.5929276315789473 0.3651315789473684 0.09375 0.12417763157894737
4 0.7952302631578947 0.5361842105263158 0.19901315789473684 0.2722039473684211
2 0.834703947368421 0.7467105263157895 0.07894736842105263 0.18914473684210525
4 0.6447368421052632 0.34457236842105265 0.07072368421052631 0.08388157894736842
3 0.35444078947368424 0.5945723684210527 0.02631578947368421 0.10608552631578948
2 0.7195723684210527 0.6052631578947368 0.0649671052631579 0.14720394736842105