1 0.5649671052631579 0.6192434210526315 0.05016447368421053 0.14638157894736842
1 0.5764802631578947 0.5337171052631579 0.033717105263157895 0.08881578947368421
0 0.41776315789473684 0.884046052631579 0.07483552631578948 0.17763157894736842
4 0.4473684210526316 0.6578947368421053 0.14309210526315788 0.2236842105263158
4 0.2236842105263158 0.6907894736842105 0.4457236842105263 0.602796052631579
4 0.5485197368421053 0.3774671052631579 0.05592105263157895 0.0756578947368421
4 0.5485197368421053 0.3207236842105263 0.04358552631578947 0.06825657894736842
4 0.4868421052631579 0.31332236842105265 0.04851973684210526 0.05921052631578947
4 0.5764802631578947 0.2837171052631579 0.04111842105263158 0.06907894736842106
3 0.6611842105263158 0.48519736842105265 0.022203947368421052 0.10115131578947369
3 0.6381578947368421 0.8001644736842105 0.05180921052631579 0.14967105263157895
2 0.4465460526315789 0.421875 0.03700657894736842 0.08552631578947369