1 0.506578947368421 0.5978618421052632 0.049342105263157895 0.14391447368421054
4 0.4662828947368421 0.40213815789473684 0.07648026315789473 0.09539473684210527
4 0.31167763157894735 0.4564144736842105 0.1356907894736842 0.14638157894736842
2 0.2524671052631579 0.6751644736842105 0.060032894736842105 0.16529605263157895
4 0.37664473684210525 0.34868421052631576 0.06990131578947369 0.07730263157894737
4 0.49506578947368424 0.31332236842105265 0.060032894736842105 0.08141447368421052
4 0.061677631578947366 0.6044407894736842 0.11677631578947369 0.23766447368421054
4 0.5271381578947368 0.47944078947368424 0.07730263157894737 0.12171052631578948
3 0.5592105263157895 0.9580592105263158 0.06332236842105263 0.08305921052631579
2 0.24753289473684212 0.43832236842105265 0.044407894736842105 0.10197368421052631
2 0.42269736842105265 0.3675986842105263 0.03289473684210526 0.06907894736842106
2 0.09539473684210527 0.8519736842105263 0.09292763157894737 0.20559210526315788