1 0.5361842105263158 0.5682565789473685 0.046875 0.14226973684210525
4 0.37006578947368424 0.4309210526315789 0.12335526315789473 0.13075657894736842
4 0.32401315789473684 0.7310855263157895 0.20723684210526316 0.2590460526315789
4 0.48273026315789475 0.31661184210526316 0.04851973684210526 0.07976973684210527
2 0.18338815789473684 0.6266447368421053 0.060032894736842105 0.140625
2 0.14226973684210525 0.5575657894736842 0.06825657894736842 0.10444078947368421
4 0.20559210526315788 0.4555921052631579 0.10526315789473684 0.13240131578947367
4 0.41776315789473684 0.3026315789473684 0.06907894736842106 0.0805921052631579
2 0.24671052631578946 0.49917763157894735 0.046875 0.10115131578947369
4 0.5879934210526315 0.3314144736842105 0.03700657894736842 0.06414473684210527
4 0.5361842105263158 0.2754934210526316 0.03453947368421053 0.05838815789473684