1 0.5263157894736842 0.584703947368421 0.03700657894736842 0.14638157894736842
4 0.2680921052631579 0.4925986842105263 0.14884868421052633 0.15871710526315788
4 0.37335526315789475 0.602796052631579 0.14473684210526316 0.19325657894736842
4 0.05838815789473684 0.6011513157894737 0.11430921052631579 0.2080592105263158
4 0.4712171052631579 0.3815789473684211 0.06990131578947369 0.09539473684210527
2 0.4654605263157895 0.4654605263157895 0.03618421052631579 0.09868421052631579
4 0.3725328947368421 0.34786184210526316 0.06743421052631579 0.0756578947368421
4 0.5493421052631579 0.3149671052631579 0.04194078947368421 0.06414473684210527
4 0.5756578947368421 0.2787828947368421 0.038651315789473686 0.05592105263157895
4 0.5008223684210527 0.296875 0.046875 0.06743421052631579
4 0.04276315789473684 0.7796052631578947 0.08223684210526316 0.22697368421052633
3 0.569078947368421 0.40131578947368424 0.015625 0.0805921052631579
2 0.3832236842105263 0.4375 0.03618421052631579 0.09457236842105263