1 0.4555921052631579 0.7672697368421053 0.04851973684210526 0.18421052631578946
4 0.24588815789473684 0.5320723684210527 0.14967105263157895 0.16529605263157895
4 0.12088815789473684 0.5230263157894737 0.16529605263157895 0.18092105263157895
4 0.16447368421052633 0.7976973684210527 0.22450657894736842 0.29194078947368424
4 0.46381578947368424 0.3363486842105263 0.055098684210526314 0.07154605263157894
4 0.571546052631579 0.2845394736842105 0.038651315789473686 0.06578947368421052
2 0.31743421052631576 0.40542763157894735 0.038651315789473686 0.08963815789473684
4 0.5172697368421053 0.28125 0.039473684210526314 0.05838815789473684
3 0.6611842105263158 0.35526315789473684 0.015625 0.06825657894736842
3 0.6143092105263158 0.8898026315789473 0.06085526315789474 0.16611842105263158
2 0.3972039473684211 0.3881578947368421 0.04111842105263158 0.08634868421052631