1 0.45230263157894735 0.569078947368421 0.03125 0.13486842105263158
4 0.7796052631578947 0.43914473684210525 0.11759868421052631 0.125
4 0.727796052631579 0.5131578947368421 0.13404605263157895 0.1455592105263158
4 0.43832236842105265 0.4300986842105263 0.06907894736842106 0.10032894736842106
4 0.5764802631578947 0.36348684210526316 0.0756578947368421 0.09046052631578948
4 0.5016447368421053 0.3026315789473684 0.044407894736842105 0.06578947368421052
2 0.6554276315789473 0.587171052631579 0.049342105263157895 0.13404605263157895
4 0.4506578947368421 0.3092105263157895 0.038651315789473686 0.08881578947368421
2 0.962171052631579 0.9029605263157895 0.07319078947368421 0.17269736842105263
3 0.34210526315789475 0.6019736842105263 0.028782894736842105 0.109375
3 0.36101973684210525 0.7853618421052632 0.047697368421052634 0.13240131578947367