1 0.4975328947368421 0.7804276315789473 0.05592105263157895 0.17434210526315788
4 0.8141447368421053 0.703125 0.23026315789473684 0.30098684210526316
4 0.8889802631578947 0.5353618421052632 0.16447368421052633 0.18009868421052633
4 0.5789473684210527 0.46875 0.10361842105263158 0.12582236842105263
4 0.7664473684210527 0.522203947368421 0.15049342105263158 0.17434210526315788
4 0.6110197368421053 0.38980263157894735 0.09375 0.10115131578947369
4 0.4276315789473684 0.3782894736842105 0.055098684210526314 0.0805921052631579
4 0.6932565789473685 0.38980263157894735 0.08223684210526316 0.09210526315789473
4 0.5049342105263158 0.32319078947368424 0.05098684210526316 0.08470394736842106
3 0.34868421052631576 0.6768092105263158 0.03700657894736842 0.140625
3 0.30756578947368424 0.6842105263157895 0.033717105263157895 0.171875
2 0.5230263157894737 0.48601973684210525 0.039473684210526314 0.10279605263157894
2 0.5764802631578947 0.5756578947368421 0.05921052631578947 0.15871710526315788