1 0.5115131578947368 0.7557565789473685 0.06414473684210527 0.17845394736842105
4 0.24259868421052633 0.5254934210526315 0.14473684210526316 0.16858552631578946
4 0.5139802631578947 0.5008223684210527 0.08634868421052631 0.1299342105263158
4 0.4251644736842105 0.45805921052631576 0.11101973684210527 0.14226973684210525
4 0.30838815789473684 0.3815789473684211 0.09292763157894737 0.10032894736842106
4 0.3774671052631579 0.3963815789473684 0.10032894736842106 0.109375
4 0.06990131578947369 0.7195723684210527 0.13898026315789475 0.3404605263157895
4 0.15789473684210525 0.48519736842105265 0.15378289473684212 0.18092105263157895
4 0.5082236842105263 0.37088815789473684 0.060032894736842105 0.09457236842105263
4 0.5929276315789473 0.3001644736842105 0.03700657894736842 0.07154605263157894
4 0.522203947368421 0.31085526315789475 0.05345394736842105 0.07236842105263158
3 0.6636513157894737 0.5863486842105263 0.033717105263157895 0.11348684210526316
3 0.578125 0.4777960526315789 0.024671052631578948 0.09457236842105263