1 0.5649671052631579 0.9054276315789473 0.08470394736842106 0.1875
4 0.7861842105263158 0.44819078947368424 0.13651315789473684 0.13815789473684212
4 0.4399671052631579 0.43338815789473684 0.06085526315789474 0.09539473684210527
4 0.71875 0.515625 0.13898026315789475 0.14638157894736842
4 0.5789473684210527 0.6414473684210527 0.15542763157894737 0.20970394736842105
4 0.6291118421052632 0.34868421052631576 0.07072368421052631 0.0756578947368421
4 0.5115131578947368 0.390625 0.06825657894736842 0.0805921052631579
4 0.6011513157894737 0.3815789473684211 0.08388157894736842 0.09210526315789473
4 0.546875 0.33223684210526316 0.05345394736842105 0.0756578947368421
2 0.7763157894736842 0.6981907894736842 0.07236842105263158 0.171875
4 0.5230263157894737 0.2837171052631579 0.039473684210526314 0.05345394736842105
2 0.6422697368421053 0.5180921052631579 0.046875 0.11266447368421052
2 0.6529605263157895 0.5995065789473685 0.07236842105263158 0.14309210526315788